0,-15.7757368421,-13.6684438596,6.81700175439,-7.50257368421,-8.71733157895,-4.81243859649,-9.82358245614,-5.15700175439,-4.42654385965,-5.77948421053,-10.8058280702,-7.44723508772,3.04420877193,-8.66259473684,0.708510526316,-11.085677193,-5.52303859649,-10.0317578947,-12.0290824561,-9.73016315789,-2.46809298246,-9.1078245614,-7.76085614035,-6.45429122807,-0.334277192982,-9.50586666667,4.14083157895,-10.3416807018,-12.6589824561,-7.65413859649
1,-15.7757368421,-13.6684438596,6.81700175439,-7.50257368421,-8.71733157895,-4.81243859649,-9.82358245614,-5.15700175439,-4.42654385965,-5.77948421053,-10.8058280702,-7.44723508772,3.04420877193,-8.66259473684,0.708510526316,-11.085677193,-5.52303859649,-10.0317578947,-12.0290824561,-9.73016315789,-2.46809298246,-9.1078245614,-7.76085614035,-6.45429122807,-0.334277192982,-9.50586666667,4.14083157895,-10.3416807018,-12.6589824561,-7.65413859649
2,-15.7757368421,-13.6684438596,6.81700175439,-7.50257368421,-8.71733157895,-4.81243859649,-9.82358245614,-5.15700175439,-4.42654385965,-5.77948421053,-10.8058280702,-7.44723508772,3.04420877193,-8.66259473684,0.708510526316,-11.085677193,-5.52303859649,-10.0317578947,-12.0290824561,-9.73016315789,-2.46809298246,-9.1078245614,-7.76085614035,-6.45429122807,-0.334277192982,-9.50586666667,4.14083157895,-10.3416807018,-12.6589824561,-7.65413859649
3,-12.3872671875,-13.8603109375,-2.20900703125,-7.93463828125,-9.3211140625,-10.2250210937,-9.9378515625,-3.9388015625,-2.6715140625,-5.32245546875,-10.8248734375,-8.1594015625,3.1762921875,-12.1137304687,-8.510578125,-13.6140117188,-9.25490859375,-13.132625,-16.8472265625,-9.41030546875,-2.08167734375,-10.4239210937,-5.61290625,-4.6400609375,2.48532734375,-4.411784375,1.30705859375,-8.06440546875,-7.33940234375,-12.5589914062
4,-13.6476703125,-15.3552257812,0.68535234375,-7.40003828125,-8.35282109375,-8.3257328125,-10.7327429687,-4.16908828125,-2.2784546875,-7.0856421875,-10.5866359375,-7.7132953125,3.60384296875,-11.0489953125,-5.3575796875,-13.8231015625,-8.56693203125,-10.3893554687,-16.207571875,-10.3302546875,-2.85014140625,-9.2652328125,-5.9726796875,-3.851021875,-0.2889390625,-7.36824296875,2.162565625,-10.6146515625,-11.6606625,-11.0027
5,-3.1297,5.6263,-3.37275,2.72315,2.50465,-7.08205,-3.1122,2.0192,-5.60175,0.4779,-2.05085,6.20365,-9.16365,5.87245,-3.839,8.5787,-2.7605,6.35545,5.51705,1.2621,0.07275,-3.05915,6.00635,-8.72065,-8.96785,-1.777,-8.36745,-7.405,-6.61385,3.09535
6,-3.1297,5.6263,-3.37275,2.72315,2.50465,-7.08205,-3.1122,2.0192,-5.60175,0.4779,-2.05085,6.20365,-9.16365,5.87245,-3.839,8.5787,-2.7605,6.35545,5.51705,1.2621,0.07275,-3.05915,6.00635,-8.72065,-8.96785,-1.777,-8.36745,-7.405,-6.61385,3.09535
7,-12.3872671875,-13.8603109375,-2.20900703125,-7.93463828125,-9.3211140625,-10.2250210937,-9.9378515625,-3.9388015625,-2.6715140625,-5.32245546875,-10.8248734375,-8.1594015625,3.1762921875,-12.1137304687,-8.510578125,-13.6140117188,-9.25490859375,-13.132625,-16.8472265625,-9.41030546875,-2.08167734375,-10.4239210937,-5.61290625,-4.6400609375,2.48532734375,-4.411784375,1.30705859375,-8.06440546875,-7.33940234375,-12.5589914062
8,-15.7757368421,-13.6684438596,6.81700175439,-7.50257368421,-8.71733157895,-4.81243859649,-9.82358245614,-5.15700175439,-4.42654385965,-5.77948421053,-10.8058280702,-7.44723508772,3.04420877193,-8.66259473684,0.708510526316,-11.085677193,-5.52303859649,-10.0317578947,-12.0290824561,-9.73016315789,-2.46809298246,-9.1078245614,-7.76085614035,-6.45429122807,-0.334277192982,-9.50586666667,4.14083157895,-10.3416807018,-12.6589824561,-7.65413859649
9,-10.3260709091,-11.8118081818,-1.71527636364,-2.79955636364,-9.73659727273,-9.00457454545,-9.92645,-5.32565727273,-4.90681363636,-8.15364636364,-9.99693272727,-6.59032454545,-0.0797127272727,-11.0021645455,-2.07315090909,-9.21641090909,-6.07957818182,-4.32404090909,-12.9508518182,-10.2669290909,-5.14554454545,-9.92367909091,-6.71498727273,-8.03597909091,-1.35704454545,-6.07514090909,1.79337181818,-9.22890090909,-11.4326990909,-8.47427636364
10,-13.7023195313,-15.2871671875,2.5981421875,-3.7029015625,-8.99948046875,-8.09961484375,-11.49333125,-3.8959484375,-2.61422890625,-6.6184140625,-11.0103828125,-7.7766359375,5.63907734375,-10.17501875,-3.7704203125,-12.6557507813,-8.3206671875,-9.20286484375,-16.2221375,-11.316165625,-1.52185859375,-10.1589648438,-6.76852265625,-5.94349609375,-0.1654609375,-10.9761382813,1.0229140625,-10.4281023437,-12.8144445313,-12.3149882812
11,-9.11133166667,-11.88897,-5.13277,-4.395,-10.6040783333,-11.6326833333,-9.98651166667,-5.93051333333,-2.48230166667,-4.08983666667,-11.95634,-9.25319833333,-2.28291166667,-7.84820833333,-6.679625,-8.49911833333,-4.46397833333,-5.06390833333,-12.1137833333,-10.4535783333,-3.963565,-8.52658333333,-5.603095,-4.89211333333,-3.16463833333,-2.87911,-0.529593333333,-9.440785,-8.187065,-9.130425
12,-10.3266820312,-12.7613679687,-3.3014296875,-7.9267015625,-11.5293539062,-10.4610023437,-9.79854921875,-3.98803515625,-1.0631359375,-6.5771015625,-11.723546875,-8.7437890625,0.290278125,-11.2653625,-7.644990625,-10.1333335938,-9.03886328125,-10.2649820313,-13.0088546875,-10.3947828125,-8.035796875,-8.0526984375,-6.8308703125,-6.32399765625,1.0262453125,-3.8206046875,-0.44405234375,-7.68296640625,-3.31618203125,-11.197228125
13,-15.7757368421,-13.6684438596,6.81700175439,-7.50257368421,-8.71733157895,-4.81243859649,-9.82358245614,-5.15700175439,-4.42654385965,-5.77948421053,-10.8058280702,-7.44723508772,3.04420877193,-8.66259473684,0.708510526316,-11.085677193,-5.52303859649,-10.0317578947,-12.0290824561,-9.73016315789,-2.46809298246,-9.1078245614,-7.76085614035,-6.45429122807,-0.334277192982,-9.50586666667,4.14083157895,-10.3416807018,-12.6589824561,-7.65413859649
14,-15.7757368421,-13.6684438596,6.81700175439,-7.50257368421,-8.71733157895,-4.81243859649,-9.82358245614,-5.15700175439,-4.42654385965,-5.77948421053,-10.8058280702,-7.44723508772,3.04420877193,-8.66259473684,0.708510526316,-11.085677193,-5.52303859649,-10.0317578947,-12.0290824561,-9.73016315789,-2.46809298246,-9.1078245614,-7.76085614035,-6.45429122807,-0.334277192982,-9.50586666667,4.14083157895,-10.3416807018,-12.6589824561,-7.65413859649
15,-8.46910192308,-10.2124192308,-6.20438653846,-4.52190769231,-10.7135307692,-10.9768442308,-9.83994615385,-6.05536538462,-2.78730384615,-5.77863461538,-11.6480846154,-9.06834423077,-4.47658461538,-6.55899807692,-6.90748846154,-7.03365192308,-4.38853076923,-5.11183269231,-11.0658365385,-10.3967923077,-4.26621153846,-9.46993653846,-6.41507115385,-5.17346346154,-4.01285,0.880675,-0.387257692308,-9.68122692308,-8.05408076923,-9.00015
16,-10.3266820312,-12.7613679687,-3.3014296875,-7.9267015625,-11.5293539062,-10.4610023437,-9.79854921875,-3.98803515625,-1.0631359375,-6.5771015625,-11.723546875,-8.7437890625,0.290278125,-11.2653625,-7.644990625,-10.1333335938,-9.03886328125,-10.2649820313,-13.0088546875,-10.3947828125,-8.035796875,-8.0526984375,-6.8308703125,-6.32399765625,1.0262453125,-3.8206046875,-0.44405234375,-7.68296640625,-3.31618203125,-11.197228125
17,-12.6602282828,-13.9332919192,-2.30452626263,-7.3158,-9.07585555556,-9.53942222222,-11.8826020202,-3.74348484848,-3.15647272727,-5.9806010101,-11.6331858586,-7.04138484848,1.05098989899,-12.2133151515,-4.74434141414,-12.7024717172,-9.58912929293,-12.6990909091,-16.0465363636,-11.674510101,-2.78027878788,-9.4955969697,-6.3719030303,-7.79947878788,2.02842525253,-5.79353333333,-0.267770707071,-9.0290010101,-7.13566262626,-11.9760070707
18,-15.7757368421,-13.6684438596,6.81700175439,-7.50257368421,-8.71733157895,-4.81243859649,-9.82358245614,-5.15700175439,-4.42654385965,-5.77948421053,-10.8058280702,-7.44723508772,3.04420877193,-8.66259473684,0.708510526316,-11.085677193,-5.52303859649,-10.0317578947,-12.0290824561,-9.73016315789,-2.46809298246,-9.1078245614,-7.76085614035,-6.45429122807,-0.334277192982,-9.50586666667,4.14083157895,-10.3416807018,-12.6589824561,-7.65413859649
19,-10.6130357143,-14.2200464286,-1.20133928571,-10.8293214286,-10.5254714286,-7.78841428571,-6.845625,-6.46337142857,-4.8697,-4.27800714286,-12.84485,-10.8548178571,-1.981775,-10.3490071429,-6.68717142857,-8.88596428571,-4.14631071429,-10.3577321429,-11.1626178571,-5.44573928571,-5.83574642857,-9.4171,-5.86480357143,-4.75311785714,2.37161071429,-0.344164285714,7.24199642857,-8.83191071429,-7.37535,-9.75644285714
20,-12.3872671875,-13.8603109375,-2.20900703125,-7.93463828125,-9.3211140625,-10.2250210937,-9.9378515625,-3.9388015625,-2.6715140625,-5.32245546875,-10.8248734375,-8.1594015625,3.1762921875,-12.1137304687,-8.510578125,-13.6140117188,-9.25490859375,-13.132625,-16.8472265625,-9.41030546875,-2.08167734375,-10.4239210937,-5.61290625,-4.6400609375,2.48532734375,-4.411784375,1.30705859375,-8.06440546875,-7.33940234375,-12.5589914062
21,-9.64480298507,-14.728461194,-4.98032686567,-6.31888507463,-7.72858059701,-9.9720238806,-8.74884776119,-5.75239552239,-4.13416567164,-5.07770298507,-9.50106268657,-6.51851343284,-3.82401492537,-9.15728208955,-5.65836268657,-7.36743134328,-5.07445671642,-7.01488955224,-10.4964507463,-10.2855119403,-3.09741641791,-8.36178955224,-4.33034776119,-4.60160149254,-3.68261791045,-2.95445074627,1.16296119403,-9.1067238806,-10.5720776119,-7.48208955224
22,-13.6708226563,-15.27894375,2.69544765625,-3.70739375,-8.93781875,-8.21893671875,-11.555990625,-3.959859375,-2.5753328125,-6.4938390625,-10.908296875,-7.820753125,5.67904921875,-10.1388085937,-3.78099609375,-12.6217835938,-8.42180546875,-9.18475859375,-16.3221015625,-11.2962421875,-1.52782734375,-10.2625546875,-6.76198671875,-5.95091328125,-0.19286171875,-10.89551875,1.0476640625,-10.43504375,-12.88226875,-12.2925625
23,-12.3872671875,-13.8603109375,-2.20900703125,-7.93463828125,-9.3211140625,-10.2250210937,-9.9378515625,-3.9388015625,-2.6715140625,-5.32245546875,-10.8248734375,-8.1594015625,3.1762921875,-12.1137304687,-8.510578125,-13.6140117188,-9.25490859375,-13.132625,-16.8472265625,-9.41030546875,-2.08167734375,-10.4239210937,-5.61290625,-4.6400609375,2.48532734375,-4.411784375,1.30705859375,-8.06440546875,-7.33940234375,-12.5589914062
24,-15.7757368421,-13.6684438596,6.81700175439,-7.50257368421,-8.71733157895,-4.81243859649,-9.82358245614,-5.15700175439,-4.42654385965,-5.77948421053,-10.8058280702,-7.44723508772,3.04420877193,-8.66259473684,0.708510526316,-11.085677193,-5.52303859649,-10.0317578947,-12.0290824561,-9.73016315789,-2.46809298246,-9.1078245614,-7.76085614035,-6.45429122807,-0.334277192982,-9.50586666667,4.14083157895,-10.3416807018,-12.6589824561,-7.65413859649
25,-7.75864666667,-13.2897666667,-8.08646857143,-6.46156666667,-8.99119809524,-9.55923238095,-8.60465047619,-5.30714666667,-2.64433047619,-6.72579809524,-9.6936352381,-7.64683047619,-5.18663619048,-8.80360666667,-7.48249809524,-6.94870761905,-4.07875047619,-5.06095714286,-10.1928752381,-10.5982266667,-5.34080857143,-7.50047142857,-5.22731047619,-7.62814095238,-3.59814666667,-0.182628571429,0.44724,-8.32133333333,-5.07481142857,-7.75618952381
26,-9.758903125,-13.1755773437,-5.80437109375,-9.63958046875,-11.7641523438,-8.58862265625,-9.64021796875,-6.8331984375,-5.0315578125,-6.5540515625,-12.4221171875,-7.2465890625,-2.76815625,-14.0013679688,-10.6234953125,-12.6360117187,-8.6715078125,-12.843459375,-14.363521875,-9.40658984375,-5.5076765625,-7.69414921875,-6.9987265625,-6.14266015625,6.4266046875,-0.5882890625,-0.86691953125,-9.42965,-1.9191109375,-12.48233125
27,-3.1297,5.6263,-3.37275,2.72315,2.50465,-7.08205,-3.1122,2.0192,-5.60175,0.4779,-2.05085,6.20365,-9.16365,5.87245,-3.839,8.5787,-2.7605,6.35545,5.51705,1.2621,0.07275,-3.05915,6.00635,-8.72065,-8.96785,-1.777,-8.36745,-7.405,-6.61385,3.09535
28,-12.3872671875,-13.8603109375,-2.20900703125,-7.93463828125,-9.3211140625,-10.2250210937,-9.9378515625,-3.9388015625,-2.6715140625,-5.32245546875,-10.8248734375,-8.1594015625,3.1762921875,-12.1137304687,-8.510578125,-13.6140117188,-9.25490859375,-13.132625,-16.8472265625,-9.41030546875,-2.08167734375,-10.4239210937,-5.61290625,-4.6400609375,2.48532734375,-4.411784375,1.30705859375,-8.06440546875,-7.33940234375,-12.5589914062
29,-3.1297,5.6263,-3.37275,2.72315,2.50465,-7.08205,-3.1122,2.0192,-5.60175,0.4779,-2.05085,6.20365,-9.16365,5.87245,-3.839,8.5787,-2.7605,6.35545,5.51705,1.2621,0.07275,-3.05915,6.00635,-8.72065,-8.96785,-1.777,-8.36745,-7.405,-6.61385,3.09535
30,-9.51840151515,-14.3073727273,-5.08373333333,-6.25470454545,-7.57950151515,-9.68136969697,-8.50902878788,-5.51021212121,-3.94056363636,-4.85928636364,-9.37713636364,-6.50479848485,-3.60533333333,-9.00546515152,-5.51108636364,-7.63147424242,-4.934,-7.05842575758,-10.5461060606,-10.3451651515,-2.92039393939,-8.5489,-4.33370909091,-4.59042272727,-4.06922878788,-2.6139469697,1.34642727273,-8.91143484848,-10.9409257576,-7.57218787879
31,-13.6796492188,-15.1904359375,2.77865078125,-3.64655703125,-8.90136328125,-8.22184375,-11.67646875,-3.98528515625,-2.59799296875,-6.46862890625,-10.7891851562,-7.833425,5.699571875,-10.2314734375,-3.77771640625,-12.6289640625,-8.514171875,-9.1851671875,-16.4353398438,-11.3093742188,-1.52439921875,-10.25363125,-6.85510078125,-5.95716484375,-0.171953125,-10.8264546875,1.09194765625,-10.3744773437,-12.9153078125,-12.3650492187
32,-15.7757368421,-13.6684438596,6.81700175439,-7.50257368421,-8.71733157895,-4.81243859649,-9.82358245614,-5.15700175439,-4.42654385965,-5.77948421053,-10.8058280702,-7.44723508772,3.04420877193,-8.66259473684,0.708510526316,-11.085677193,-5.52303859649,-10.0317578947,-12.0290824561,-9.73016315789,-2.46809298246,-9.1078245614,-7.76085614035,-6.45429122807,-0.334277192982,-9.50586666667,4.14083157895,-10.3416807018,-12.6589824561,-7.65413859649
33,0.1444,-20.5463833333,-7.82575,-5.56988333333,-9.7827,-7.56548333333,-6.13073333333,-8.89338333333,-9.26185,2.2515,0.498466666667,-9.64651666667,-11.7316,-1.3672,-4.99375,7.95795,10.7509166667,8.88538333333,9.06543333333,-7.52028333333,-12.8576,-4.3541,-5.84265,-5.31566666667,-10.6595166667,0.697416666667,-7.36885,-1.54985,-8.81726666667,7.14208333333
34,-13.0098094595,-13.5159121622,1.19808648649,-3.27047162162,-9.18637432432,-8.25908918919,-7.81567027027,-3.18020945946,-3.48033783784,-4.02007027027,-10.3935513514,-9.38856486486,-1.92133108108,-9.46968918919,-7.00921351351,-9.86453783784,-7.81016621622,-11.2113783784,-16.3020256757,-11.4757337838,0.979643243243,-10.2827810811,-7.83921756757,-5.15106486486,0.88652972973,-6.75105135135,1.77951081081,-8.77667837838,-6.63919324324,-11.5071040541
35,-13.6476703125,-15.3552257812,0.68535234375,-7.40003828125,-8.35282109375,-8.3257328125,-10.7327429687,-4.16908828125,-2.2784546875,-7.0856421875,-10.5866359375,-7.7132953125,3.60384296875,-11.0489953125,-5.3575796875,-13.8231015625,-8.56693203125,-10.3893554687,-16.207571875,-10.3302546875,-2.85014140625,-9.2652328125,-5.9726796875,-3.851021875,-0.2889390625,-7.36824296875,2.162565625,-10.6146515625,-11.6606625,-11.0027
36,0.1444,-20.5463833333,-7.82575,-5.56988333333,-9.7827,-7.56548333333,-6.13073333333,-8.89338333333,-9.26185,2.2515,0.498466666667,-9.64651666667,-11.7316,-1.3672,-4.99375,7.95795,10.7509166667,8.88538333333,9.06543333333,-7.52028333333,-12.8576,-4.3541,-5.84265,-5.31566666667,-10.6595166667,0.697416666667,-7.36885,-1.54985,-8.81726666667,7.14208333333
37,-13.0098094595,-13.5159121622,1.19808648649,-3.27047162162,-9.18637432432,-8.25908918919,-7.81567027027,-3.18020945946,-3.48033783784,-4.02007027027,-10.3935513514,-9.38856486486,-1.92133108108,-9.46968918919,-7.00921351351,-9.86453783784,-7.81016621622,-11.2113783784,-16.3020256757,-11.4757337838,0.979643243243,-10.2827810811,-7.83921756757,-5.15106486486,0.88652972973,-6.75105135135,1.77951081081,-8.77667837838,-6.63919324324,-11.5071040541
38,-8.10251481481,-14.0052185185,-6.61391018519,-6.14061388889,-9.34796296296,-8.96219074074,-8.08835,-5.75113611111,-2.74939259259,-6.16523611111,-9.9112037037,-8.64743055556,-5.03153055556,-9.74339907407,-7.96520833333,-8.36561296296,-4.55231759259,-4.82268518519,-11.8221537037,-9.85165648148,-4.71842962963,-8.04006388889,-5.22305462963,-6.15632037037,-2.86189907407,-1.18646203704,0.608636111111,-9.84901018519,-5.70725555556,-9.4524462963
39,-5.92205390625,-12.9758703125,-6.2671875,-6.42000390625,-11.3464242188,-7.84598125,-9.1713203125,-8.824178125,-7.8165921875,-7.284003125,-11.1712125,-9.76880078125,-7.221271875,-8.4775703125,-7.492415625,-4.733540625,-1.7297015625,-2.57544609375,-8.45093203125,-10.5595703125,-10.001665625,-5.5725015625,-7.25968046875,-5.5169890625,-1.32239140625,-3.56885546875,-4.3168921875,-6.136603125,-2.92658359375,-7.88261796875
40,-3.1297,5.6263,-3.37275,2.72315,2.50465,-7.08205,-3.1122,2.0192,-5.60175,0.4779,-2.05085,6.20365,-9.16365,5.87245,-3.839,8.5787,-2.7605,6.35545,5.51705,1.2621,0.07275,-3.05915,6.00635,-8.72065,-8.96785,-1.777,-8.36745,-7.405,-6.61385,3.09535
41,-12.3872671875,-13.8603109375,-2.20900703125,-7.93463828125,-9.3211140625,-10.2250210937,-9.9378515625,-3.9388015625,-2.6715140625,-5.32245546875,-10.8248734375,-8.1594015625,3.1762921875,-12.1137304687,-8.510578125,-13.6140117188,-9.25490859375,-13.132625,-16.8472265625,-9.41030546875,-2.08167734375,-10.4239210937,-5.61290625,-4.6400609375,2.48532734375,-4.411784375,1.30705859375,-8.06440546875,-7.33940234375,-12.5589914062
42,-9.0929375,-12.5675148437,-7.3774984375,-7.7944734375,-11.6562007812,-10.6234648438,-9.69708125,-5.9762390625,-4.40256328125,-7.55940234375,-10.845425,-6.10015859375,-4.10500625,-10.4221414063,-6.72601875,-9.5850984375,-7.5237125,-8.44129140625,-11.7168460937,-11.044215625,-6.8534328125,-7.80252734375,-5.61692109375,-8.9796,-0.18122421875,0.89462265625,0.99617734375,-8.8212921875,-4.815109375,-10.2605539062
43,-9.44690909091,-15.4471950413,-5.04952727273,-5.57755867769,-12.2269123967,-8.85642892562,-13.4873661157,-7.41288842975,-5.9831785124,-6.78306528926,-13.4816603306,-4.13045454545,-2.75985785124,-9.7183,-5.15405371901,-11.1877958678,-7.17950661157,-12.2923099174,-11.4218256198,-11.4183272727,-4.77329008264,-6.73416033058,-7.80800413223,-9.41531652893,2.59292892562,-1.63726528926,-6.1234768595,-12.1410801653,-5.1008107438,-10.4281586777
44,-11.9396234375,-13.640096875,-0.18263828125,-4.8494578125,-10.2516953125,-9.314615625,-9.72010234375,-3.02806796875,-1.63075,-4.934134375,-10.9206601563,-7.13836484375,2.4225078125,-10.1405921875,-8.3297359375,-11.1624007812,-8.29859296875,-9.2413703125,-16.4402460938,-11.4929304688,-4.23580546875,-9.78977578125,-5.98286328125,-5.71696953125,0.82663984375,-6.2522625,2.4971,-8.98231875,-9.19979140625,-12.8336710937
45,-12.3872671875,-13.8603109375,-2.20900703125,-7.93463828125,-9.3211140625,-10.2250210937,-9.9378515625,-3.9388015625,-2.6715140625,-5.32245546875,-10.8248734375,-8.1594015625,3.1762921875,-12.1137304687,-8.510578125,-13.6140117188,-9.25490859375,-13.132625,-16.8472265625,-9.41030546875,-2.08167734375,-10.4239210937,-5.61290625,-4.6400609375,2.48532734375,-4.411784375,1.30705859375,-8.06440546875,-7.33940234375,-12.5589914062
46,-7.52356515152,-12.7770727273,-7.32968939394,-3.20982424242,-9.66768181818,-10.1711878788,-10.358369697,-5.98978333333,-4.78098181818,-4.91369393939,-11.0397227273,-6.16433333333,-3.34808333333,-9.96523030303,-6.32232424242,-8.4630530303,-6.13403787879,-4.54491818182,-10.3536575758,-11.05455,-3.82464848485,-8.46436212121,-7.52143181818,-6.88999848485,-1.35353333333,-1.55822727273,-2.87943636364,-8.17463030303,-6.56953636364,-9.21291666667
47,-8.1754953125,-12.44078125,-5.1392671875,-7.06299609375,-10.2915726562,-8.35845703125,-8.1604109375,-2.85201875,0.51122421875,-5.012378125,-10.175421875,-8.19333359375,-0.56617578125,-10.8889023438,-9.92511640625,-10.2391015625,-8.2293,-8.41121875,-11.7438898437,-9.46749609375,-7.0811578125,-6.688809375,-5.37039375,-4.4221296875,0.50240703125,-2.67886015625,-2.10153671875,-9.7015921875,-2.01248984375,-10.9017570313
48,-13.6476703125,-15.3552257812,0.68535234375,-7.40003828125,-8.35282109375,-8.3257328125,-10.7327429687,-4.16908828125,-2.2784546875,-7.0856421875,-10.5866359375,-7.7132953125,3.60384296875,-11.0489953125,-5.3575796875,-13.8231015625,-8.56693203125,-10.3893554687,-16.207571875,-10.3302546875,-2.85014140625,-9.2652328125,-5.9726796875,-3.851021875,-0.2889390625,-7.36824296875,2.162565625,-10.6146515625,-11.6606625,-11.0027
49,-9.08846557377,-11.3063918033,-5.68401311475,-4.18249672131,-9.31934262295,-8.62128196721,-10.1889688525,-6.26725901639,-4.57020163934,-5.69188360656,-12.2511770492,-6.88446393443,-3.69249016393,-10.1025934426,-7.28700327869,-10.0395409836,-7.48203934426,-5.21865737705,-11.9848491803,-10.8231295082,-3.57261967213,-10.9485737705,-9.23694754098,-7.80119344262,0.753460655738,-2.10486721311,-0.533993442623,-8.60419344262,-5.92386885246,-10.6034295082
50,-8.15262578125,-12.3194726562,-5.1960609375,-7.0005546875,-10.3046773437,-8.2224921875,-8.17962890625,-2.89166328125,0.5048125,-5.02022890625,-10.1499398437,-8.19589765625,-0.6209640625,-10.8970710938,-9.9416390625,-10.2359085938,-8.26751015625,-8.422046875,-11.744875,-9.480640625,-7.0934015625,-6.45630234375,-5.42209765625,-4.44413359375,0.52977265625,-2.63463984375,-2.0975921875,-9.66443046875,-1.98430546875,-11.0063296875
51,-15.7757368421,-13.6684438596,6.81700175439,-7.50257368421,-8.71733157895,-4.81243859649,-9.82358245614,-5.15700175439,-4.42654385965,-5.77948421053,-10.8058280702,-7.44723508772,3.04420877193,-8.66259473684,0.708510526316,-11.085677193,-5.52303859649,-10.0317578947,-12.0290824561,-9.73016315789,-2.46809298246,-9.1078245614,-7.76085614035,-6.45429122807,-0.334277192982,-9.50586666667,4.14083157895,-10.3416807018,-12.6589824561,-7.65413859649
52,-11.7603495935,-14.4196430894,-4.96990487805,-6.38221463415,-9.68566422764,-8.79736178862,-9.87014390244,-5.21447073171,-5.41760894309,-6.39805934959,-11.851997561,-7.00139593496,-0.332661788618,-14.8268390244,-10.4283227642,-13.6882260163,-11.0593934959,-12.8696699187,-16.0054341463,-11.054500813,-0.945711382114,-10.5428178862,-9.7719300813,-9.14923089431,5.06664552846,-4.63174308943,-1.35013821138,-8.99449593496,-3.82367479675,-12.2423715447
53,-10.3760242105,-12.0566273684,-2.98911578947,-5.90133157895,-9.94209578947,-9.60704526316,-9.67444105263,-6.31114,-2.71497894737,-6.22637684211,-10.6088484211,-6.97778421053,-1.16684210526,-9.30809578947,-2.75166842105,-7.48340947368,-4.73247157895,-5.12551052632,-11.4691115789,-11.0858578947,-5.79641157895,-7.64408631579,-4.47705894737,-6.6392,-3.19123052632,-3.71372736842,2.24226736842,-9.12787263158,-9.05191684211,-8.11284
54,-13.7659976563,-15.4572367187,3.3035375,-3.6315328125,-9.41195078125,-7.9706328125,-11.4080421875,-3.5474734375,-2.66823046875,-5.66235,-10.7668429687,-8.19256875,4.81329765625,-10.4942859375,-3.83397109375,-11.8644375,-8.39406171875,-9.5589375,-16.2571179688,-11.5109117188,-1.88945859375,-9.83559375,-6.68456484375,-6.102725,0.1785875,-10.6496617188,2.542634375,-10.8576820312,-13.0435757813,-12.7777015625
55,-7.1649359375,-11.4676890625,-3.894290625,-4.1541953125,-11.6429085938,-9.62174140625,-8.69640546875,-6.73257109375,-2.138325,-6.35685703125,-9.2013953125,-10.6013703125,-5.85448359375,-4.6801921875,-5.64091484375,-6.66164140625,-2.18843203125,-1.88893515625,-9.86300078125,-9.9813484375,-4.55201171875,-9.70750859375,-5.5251265625,-4.394075,-5.3517953125,-3.98906796875,-0.90378203125,-8.78061953125,-9.9831265625,-7.44932109375
56,-12.1072085937,-14.1958320312,0.28507265625,-4.5831875,-9.74305390625,-9.0804265625,-12.6279078125,-5.900865625,-5.3554890625,-7.65647109375,-12.7760617187,-7.08785859375,0.338725,-10.2271257812,-3.4762046875,-11.05305625,-7.49032578125,-9.81284296875,-14.5174695313,-9.08879375,-3.52873515625,-9.82353125,-7.59738984375,-7.22536484375,2.1004609375,-5.54888359375,0.285775,-10.0135851563,-9.4000578125,-11.8673296875
57,-8.22997,-10.5292733333,-6.41280833333,-3.06689333333,-11.108445,-8.46592166667,-9.53089833333,-6.39456666667,-4.08803333333,-5.58957666667,-12.383055,-8.47597166667,-5.45222333333,-7.85506833333,-8.30787833333,-8.70550666667,-4.69300666667,-5.62512333333,-11.9004366667,-10.3763016667,-4.14628833333,-6.42637166667,-7.734225,-5.43415,-0.201296666667,-0.283021666667,-1.357665,-10.3744083333,-6.245735,-11.313
58,-10.1477085938,-13.270003125,-4.27167890625,-4.86965703125,-11.8612390625,-8.757371875,-9.139215625,-3.13395390625,-1.4385046875,-6.84186640625,-11.6138875,-9.94456875,1.7126953125,-11.9478226563,-10.0158195312,-11.1563804688,-8.58273203125,-9.14984609375,-13.9932492187,-10.7040078125,-5.9711734375,-8.1809125,-5.450440625,-4.770509375,1.014528125,-4.90704296875,-2.13955234375,-9.2802125,-4.86965078125,-13.1006328125
59,-12.944765625,-14.6448765625,0.19191484375,-7.48779765625,-8.31588203125,-9.95920625,-9.73695390625,-2.25198515625,-0.8635296875,-3.43576640625,-10.4448601563,-8.41184609375,6.90584296875,-10.7052960937,-4.65595859375,-13.16355625,-7.0041921875,-10.5075890625,-16.4140875,-10.5297921875,-2.628346875,-11.1955828125,-4.2060484375,-3.20568359375,-0.82207421875,-7.84557265625,1.9521359375,-9.008265625,-12.0863,-10.1134242187
60,-15.7757368421,-13.6684438596,6.81700175439,-7.50257368421,-8.71733157895,-4.81243859649,-9.82358245614,-5.15700175439,-4.42654385965,-5.77948421053,-10.8058280702,-7.44723508772,3.04420877193,-8.66259473684,0.708510526316,-11.085677193,-5.52303859649,-10.0317578947,-12.0290824561,-9.73016315789,-2.46809298246,-9.1078245614,-7.76085614035,-6.45429122807,-0.334277192982,-9.50586666667,4.14083157895,-10.3416807018,-12.6589824561,-7.65413859649
61,-10.3112244094,-11.6087834646,-0.950511023622,-6.41104645669,-10.9281811024,-7.18220314961,-9.30297244094,-4.31028740157,-3.14527559055,-6.72152598425,-8.40213070866,-7.90871653543,-2.90098582677,-6.86538503937,-2.72875433071,-6.49878425197,-2.16502992126,-5.93813228346,-11.1593023622,-11.7278472441,-4.42783858268,-6.64712204724,-5.75608818898,-7.63144566929,-3.51125354331,-5.4755511811,3.46814409449,-7.56938897638,-9.36288031496,-5.53726929134
62,-9.93480859375,-10.754346875,-2.9621234375,-6.4192640625,-11.4122898438,-8.15232890625,-10.4012453125,-7.1666921875,-7.66460859375,-9.2992296875,-14.246159375,-7.5721203125,-1.224253125,-11.243821875,-8.5174109375,-12.1272265625,-8.78500234375,-10.698896875,-14.1092953125,-9.458203125,-4.347959375,-6.87775,-8.46415625,-8.7701859375,5.1525578125,-4.3478328125,-2.855659375,-8.20935625,-4.95786328125,-11.1718023437
63,-9.02606507937,-13.1732539683,-7.26806666667,-3.98332698413,-9.60138730159,-10.237031746,-9.40641904762,-7.33050952381,-3.43485714286,-6.31582539683,-12.7917777778,-4.99545396825,-2.54193174603,-9.11466825397,-8.15166507937,-10.0376269841,-6.01860634921,-7.0842952381,-12.6351111111,-10.714331746,-3.5760047619,-6.43531904762,-4.82671587302,-5.86296190476,1.54791111111,-3.1590968254,-1.8702,-11.6917698413,-6.30736349206,-10.0983111111
64,-9.11411875,-11.3693851562,-6.730153125,-5.98407890625,-12.4430429687,-9.6191203125,-7.06050546875,-3.55837421875,-1.6441703125,-7.3852109375,-11.0697734375,-11.2990265625,-2.50605078125,-10.1024273438,-10.7515789063,-10.0408757813,-7.6223015625,-6.5507890625,-12.9212976562,-10.4405289063,-8.73499296875,-4.89321015625,-5.54438671875,-4.4963859375,-0.35002890625,-2.17257109375,-0.956884375,-9.35671171875,-2.02025234375,-12.0899289063
65,-15.7757368421,-13.6684438596,6.81700175439,-7.50257368421,-8.71733157895,-4.81243859649,-9.82358245614,-5.15700175439,-4.42654385965,-5.77948421053,-10.8058280702,-7.44723508772,3.04420877193,-8.66259473684,0.708510526316,-11.085677193,-5.52303859649,-10.0317578947,-12.0290824561,-9.73016315789,-2.46809298246,-9.1078245614,-7.76085614035,-6.45429122807,-0.334277192982,-9.50586666667,4.14083157895,-10.3416807018,-12.6589824561,-7.65413859649
66,-8.36850192308,-11.1798096154,-6.64065769231,-5.82704807692,-9.98778461538,-9.51887307692,-9.92877884615,-7.03845576923,-3.48092884615,-5.61897692308,-11.6780692308,-7.90508846154,-6.42256923077,-7.88306923077,-10.0468192308,-10.025,-6.75965576923,-7.98338269231,-12.5169211538,-10.2754423077,-4.163375,-10.1181384615,-7.38299038462,-6.7728,0.677080769231,0.393361538462,-0.166651923077,-9.39048076923,-5.09318076923,-10.864675
67,-8.15262578125,-12.3194726562,-5.1960609375,-7.0005546875,-10.3046773437,-8.2224921875,-8.17962890625,-2.89166328125,0.5048125,-5.02022890625,-10.1499398437,-8.19589765625,-0.6209640625,-10.8970710938,-9.9416390625,-10.2359085938,-8.26751015625,-8.422046875,-11.744875,-9.480640625,-7.0934015625,-6.45630234375,-5.42209765625,-4.44413359375,0.52977265625,-2.63463984375,-2.0975921875,-9.66443046875,-1.98430546875,-11.0063296875
68,-9.332145,-14.6542566667,-6.88546166667,-4.329355,-9.95620666667,-10.6669316667,-10.9875,-7.683585,-3.35418,-6.15239,-12.3435083333,-5.45862666667,-3.13902166667,-8.73925333333,-9.59194,-10.6132416667,-7.10011666667,-7.99003666667,-13.3261016667,-11.4714866667,0.528056666667,-7.01929166667,-6.63698333333,-5.52642833333,-1.75474666667,-2.87016,-2.29340666667,-11.99608,-8.39415666667,-10.711745
69,-8.82781875,-13.3772304687,-6.0154078125,-6.63788828125,-12.1820625,-9.927365625,-8.23384296875,-5.1310859375,-0.9664921875,-5.97334296875,-11.2486140625,-9.792203125,-1.39212265625,-11.2075882813,-11.0914242188,-10.3623148438,-6.99985859375,-7.152078125,-13.4624546875,-10.3173796875,-7.62840859375,-6.68357578125,-6.1741359375,-3.9083421875,0.41545546875,-2.105009375,-1.36057421875,-9.3866578125,-3.1256265625,-10.8503039063
70,0.1444,-20.5463833333,-7.82575,-5.56988333333,-9.7827,-7.56548333333,-6.13073333333,-8.89338333333,-9.26185,2.2515,0.498466666667,-9.64651666667,-11.7316,-1.3672,-4.99375,7.95795,10.7509166667,8.88538333333,9.06543333333,-7.52028333333,-12.8576,-4.3541,-5.84265,-5.31566666667,-10.6595166667,0.697416666667,-7.36885,-1.54985,-8.81726666667,7.14208333333
71,-13.0098094595,-13.5159121622,1.19808648649,-3.27047162162,-9.18637432432,-8.25908918919,-7.81567027027,-3.18020945946,-3.48033783784,-4.02007027027,-10.3935513514,-9.38856486486,-1.92133108108,-9.46968918919,-7.00921351351,-9.86453783784,-7.81016621622,-11.2113783784,-16.3020256757,-11.4757337838,0.979643243243,-10.2827810811,-7.83921756757,-5.15106486486,0.88652972973,-6.75105135135,1.77951081081,-8.77667837838,-6.63919324324,-11.5071040541
72,-10.206938806,-14.512658209,-3.7597238806,-7.2294119403,-6.81137313433,-9.97502089552,-8.25983134328,-5.67579701493,-4.21535074627,-5.71974477612,-9.49092238806,-7.48672686567,-3.7023119403,-8.4411358209,-4.26708208955,-7.86357014925,-5.29256567164,-7.84960895522,-10.8026104478,-9.85431641791,-3.54397462687,-8.83162089552,-3.84299850746,-4.32792238806,-3.46971492537,-2.86949253731,1.28699253731,-9.06722238806,-10.4906880597,-6.99627910448
73,-13.340240625,-15.1120367187,2.29756953125,-3.47001640625,-8.85575234375,-7.70094609375,-11.5726664062,-3.5537125,-2.20158203125,-6.26153203125,-10.598840625,-7.85557421875,4.7859109375,-10.1185265625,-4.12681640625,-12.6875679688,-7.74048203125,-8.74253046875,-16.3128320313,-11.371390625,-1.99021015625,-10.3772390625,-6.49761796875,-5.81447109375,-0.50041796875,-10.1448296875,0.94949921875,-10.5026835937,-12.3446007813,-12.154446875
74,-7.28983125,-11.2135257813,-4.11652265625,-3.93369375,-11.8097039063,-9.89986640625,-8.64754921875,-6.29949609375,-1.530628125,-5.69119765625,-8.8634078125,-10.18038125,-4.773159375,-4.73100390625,-4.672084375,-6.77928046875,-1.98981640625,-1.9268515625,-9.84251171875,-9.9583765625,-4.87168125,-9.6235265625,-4.25846484375,-4.11291484375,-5.64544453125,-3.94988359375,-0.557753125,-8.3600875,-10.26661875,-8.08199765625
75,-12.2345882812,-14.4192242187,0.31216640625,-4.593709375,-9.66854765625,-9.2788265625,-12.722475,-6.02235,-5.4370515625,-7.81570546875,-12.6555460937,-7.08746796875,0.404609375,-10.0836726562,-3.54348125,-10.9561671875,-7.52081171875,-9.78554921875,-14.5419351563,-9.060340625,-3.62345390625,-9.6278171875,-7.45682890625,-7.25843984375,2.126378125,-5.83862578125,0.262415625,-10.0763835938,-9.40825625,-11.7537578125
76,-9.3827220339,-12.3796779661,-4.18667966102,-4.77880508475,-11.2436491525,-10.9242932203,-10.5820644068,-6.69047288136,-2.701,-3.49120847458,-11.619279661,-9.12095932203,-3.9052559322,-6.95031355932,-5.85468644068,-8.61294067797,-4.13894576271,-4.91463898305,-11.8831864407,-10.5912,-3.6263220339,-8.85695084746,-6.52451864407,-4.37416271186,-2.9779779661,-2.32091864407,0.107998305085,-9.64820508475,-8.02734745763,-9.69366440678
77,-10.4324226562,-12.9264148437,-3.30015859375,-7.93447421875,-11.5498742188,-10.4101953125,-9.8689109375,-4.0992328125,-1.1042234375,-6.64068515625,-11.6644828125,-8.75031015625,0.26295078125,-11.2724921875,-7.683665625,-10.1321445313,-9.0445953125,-10.2593375,-13.0421523437,-10.4013820313,-8.04830234375,-7.79782421875,-6.733403125,-6.27771796875,1.00728984375,-3.92718515625,-0.41078984375,-7.736540625,-3.348996875,-11.1893007812
78,-10.5451679687,-12.79570625,-3.38372734375,-3.11930390625,-10.5487132813,-8.36645546875,-9.06258203125,-4.9691765625,-4.17980859375,-6.41169609375,-9.3773421875,-6.18148671875,-1.97943359375,-9.437240625,-4.20673828125,-7.2658015625,-4.14955546875,-4.36338359375,-12.0956164062,-10.8693945313,-3.10907734375,-9.132378125,-6.561934375,-7.7880453125,-2.018634375,-4.149828125,2.7855359375,-9.04808828125,-9.1665921875,-8.7495984375
79,-11.5524023437,-13.8493445313,-0.9212578125,-4.822403125,-9.0903671875,-8.93651328125,-11.7157085937,-5.52101328125,-5.6746015625,-6.9165703125,-12.8796664062,-5.99481640625,0.50342578125,-11.668084375,-4.29954375,-9.87424765625,-6.82571484375,-9.521040625,-14.1138640625,-9.2566015625,-3.12058671875,-9.6866015625,-9.090628125,-7.24701640625,3.1604484375,-6.28154921875,1.1921640625,-8.753075,-8.92699921875,-10.5964765625
80,-15.7757368421,-13.6684438596,6.81700175439,-7.50257368421,-8.71733157895,-4.81243859649,-9.82358245614,-5.15700175439,-4.42654385965,-5.77948421053,-10.8058280702,-7.44723508772,3.04420877193,-8.66259473684,0.708510526316,-11.085677193,-5.52303859649,-10.0317578947,-12.0290824561,-9.73016315789,-2.46809298246,-9.1078245614,-7.76085614035,-6.45429122807,-0.334277192982,-9.50586666667,4.14083157895,-10.3416807018,-12.6589824561,-7.65413859649
81,-15.7757368421,-13.6684438596,6.81700175439,-7.50257368421,-8.71733157895,-4.81243859649,-9.82358245614,-5.15700175439,-4.42654385965,-5.77948421053,-10.8058280702,-7.44723508772,3.04420877193,-8.66259473684,0.708510526316,-11.085677193,-5.52303859649,-10.0317578947,-12.0290824561,-9.73016315789,-2.46809298246,-9.1078245614,-7.76085614035,-6.45429122807,-0.334277192982,-9.50586666667,4.14083157895,-10.3416807018,-12.6589824561,-7.65413859649
82,-10.2995390625,-13.0311601562,-4.08519453125,-2.34570078125,-10.1472695313,-8.49596796875,-8.88812890625,-4.4574984375,-3.5589796875,-6.4130140625,-9.38109375,-5.9755828125,-1.273284375,-9.7184375,-4.4634015625,-6.90906015625,-4.6052546875,-4.106953125,-12.0260460937,-11.5732515625,-3.26689296875,-8.38833828125,-6.00371953125,-8.2362953125,-2.384421875,-4.5971375,3.043253125,-9.095315625,-9.6868234375,-8.85766796875
83,-11.4944257812,-13.8763992188,-1.0302265625,-4.69630625,-9.0002203125,-8.65226328125,-11.7766398437,-5.70191484375,-5.74329375,-7.0684484375,-12.7948867187,-5.99741484375,0.34863359375,-11.68503125,-4.3244953125,-9.93498671875,-6.85719453125,-9.524603125,-14.13034375,-9.2793265625,-3.14664609375,-9.6368703125,-9.166796875,-7.25545859375,3.247240625,-6.10177890625,1.158628125,-8.670690625,-8.83996796875,-10.6857875
84,-12.3872671875,-13.8603109375,-2.20900703125,-7.93463828125,-9.3211140625,-10.2250210937,-9.9378515625,-3.9388015625,-2.6715140625,-5.32245546875,-10.8248734375,-8.1594015625,3.1762921875,-12.1137304687,-8.510578125,-13.6140117188,-9.25490859375,-13.132625,-16.8472265625,-9.41030546875,-2.08167734375,-10.4239210937,-5.61290625,-4.6400609375,2.48532734375,-4.411784375,1.30705859375,-8.06440546875,-7.33940234375,-12.5589914062
85,-10.4089914062,-13.4986632812,-4.17948515625,-2.96048046875,-10.1581195313,-8.30049296875,-8.51265078125,-5.105359375,-4.14085,-6.5395921875,-9.3818953125,-5.97285625,-2.40841484375,-10.08375625,-5.0752125,-7.00421328125,-4.4072421875,-4.3864,-11.8688671875,-10.907278125,-3.40362109375,-8.4201515625,-6.16230546875,-7.4429375,-1.41452734375,-3.9312609375,3.23550078125,-9.76125234375,-8.7885859375,-8.9355421875
86,-11.4767726562,-14.0534148437,-1.1966328125,-4.8179796875,-9.07313125,-8.64644921875,-11.5356835937,-5.65106328125,-5.6979734375,-7.11886875,-13.0331101562,-5.97207109375,0.30758828125,-11.4997015625,-4.3310546875,-9.92062578125,-6.67246171875,-9.5237859375,-13.9038671875,-9.2530625,-3.15350234375,-9.6547171875,-8.98056875,-7.24295546875,3.2054234375,-6.23990703125,1.0700609375,-8.7918234375,-8.77388984375,-10.5408140625
87,-9.4415640625,-13.1251484375,-6.626384375,-7.77931484375,-9.577296875,-9.18200078125,-8.89936875,-5.16043828125,-2.430184375,-7.093296875,-10.6426609375,-8.76784609375,-2.24294375,-9.96951328125,-8.02685234375,-8.47334765625,-5.04512578125,-5.6490671875,-12.2338054688,-10.3243054688,-2.76669140625,-8.83765078125,-4.632115625,-6.55383515625,-3.22694296875,-2.69491328125,1.57407578125,-8.681471875,-7.03065859375,-9.604684375
88,-7.9755234375,-11.2042765625,0.27223046875,-6.63403046875,-11.5078773438,-8.64819765625,-8.95423359375,-7.02889765625,-6.67835078125,-6.84999921875,-12.3339351562,-8.5494265625,-3.83286953125,-6.81391796875,-5.15565546875,-6.6709828125,-4.47377265625,-4.81142109375,-9.94256328125,-8.7777609375,-9.4277484375,-7.69928515625,-8.47339140625,-6.2827015625,0.93105703125,-4.36094375,-1.46453359375,-7.592221875,-6.06006953125,-7.02842265625
89,-12.7495060606,-14.6434373737,-2.23238282828,-7.30800505051,-8.9962989899,-9.67651919192,-11.9582979798,-3.98761717172,-3.22482929293,-6.07005858586,-11.5880242424,-7.10745252525,0.918117171717,-12.2923292929,-4.82397878788,-12.4171525253,-9.55187373737,-12.563779798,-15.9922818182,-11.6778626263,-2.74774343434,-9.68146060606,-6.1348020202,-7.6491979798,1.99492121212,-6.00858080808,-0.288854545455,-9.2253969697,-7.10163939394,-11.7567494949
90,-11.8351827869,-13.9347196721,-1.42793934426,-4.40379508197,-10.7310188525,-8.35476393443,-10.3545901639,-5.24777868852,-4.4541352459,-6.56114262295,-12.3847811475,-4.94869344262,-2.01790245902,-9.9899442623,-5.13024590164,-10.9614057377,-8.42307213115,-10.210857377,-15.0969836066,-11.7676368852,-4.54399098361,-9.39908770492,-6.57084098361,-8.31292131148,3.69845983607,-3.75687213115,0.53945,-11.4795401639,-7.81322295082,-11.4564319672
91,-10.4124867188,-12.8669132812,-3.9615578125,-3.081375,-10.5389257813,-8.5247140625,-8.7930671875,-4.84280234375,-3.662115625,-6.908296875,-9.326615625,-5.6485484375,-1.046603125,-9.2253359375,-3.5528,-7.04813359375,-4.58048515625,-3.91541796875,-11.6918554687,-11.4218210938,-3.97721796875,-8.7696578125,-5.088259375,-8.207771875,-2.4440359375,-4.136484375,3.00508359375,-9.350171875,-9.8766671875,-8.9553203125
92,-11.6901414062,-14.1235617187,-0.9345171875,-4.837590625,-9.1761671875,-8.87612890625,-11.7422523437,-5.75223828125,-5.752990625,-7.089196875,-12.8608382812,-5.98861953125,0.35749765625,-11.653315625,-4.3008,-9.89373671875,-6.84715546875,-9.508703125,-14.1669390625,-9.25045,-3.14646328125,-9.63666875,-9.01131875,-7.15880078125,3.1905671875,-6.36010078125,1.170615625,-8.8458890625,-8.89736015625,-10.5402
93,-8.34806020408,-13.5305285714,-5.03138163265,-6.89378265306,-11.5259153061,-9.92600714286,-10.4138367347,-6.89163367347,-4.22603163265,-7.43472755102,-10.167494898,-6.69372755102,-3.41595918367,-8.3961755102,-5.76971020408,-8.24300306122,-6.08996938776,-5.85668469388,-10.8300826531,-11.5542795918,-5.43700204082,-8.75349693878,-5.1518877551,-7.85714081633,-2.13834897959,-0.842626530612,1.19489591837,-9.70222040816,-8.89711938776,-9.18211122449
94,-10.1990109375,-13.8630710937,-4.816771875,-9.24024609375,-10.7382578125,-9.00148203125,-11.611440625,-6.83163828125,-4.52395390625,-8.03330703125,-12.5178757812,-3.4812296875,-1.8323984375,-11.3833585937,-4.8657109375,-11.567303125,-8.92647109375,-12.1947210938,-13.4306773438,-11.979959375,-6.291359375,-8.25195078125,-6.477075,-7.91953515625,3.457325,-1.1206828125,0.9804453125,-9.4510984375,-6.280821875,-11.064059375
95,-10.9438945312,-12.91565625,-3.79643046875,-5.1752,-9.65154921875,-8.34377265625,-9.847696875,-4.9596875,-4.52788671875,-7.9819421875,-9.76231328125,-6.0242546875,-2.92423359375,-8.297453125,-4.72914921875,-8.19988984375,-5.66290703125,-7.43075859375,-12.5037382813,-12.1669617188,-2.28528984375,-9.312209375,-5.45711796875,-7.94934609375,-1.5536671875,-2.9248234375,2.8744796875,-9.772084375,-9.6655046875,-9.48339609375
96,-7.71163203125,-11.008190625,-4.8825,-8.5465921875,-7.01081328125,-9.582684375,-4.739628125,-3.18608515625,-4.5035140625,-5.7248625,-8.257909375,-9.14002890625,-2.27388515625,-6.468615625,-8.49215,-7.384853125,-3.1006640625,-5.4013953125,-11.1136398437,-11.0496898438,-6.378446875,-7.61948359375,-3.12874453125,-1.69385703125,-2.54034921875,-4.693775,0.4713484375,-6.4298453125,-7.1427671875,-5.15151171875
97,-10.44239375,-12.9440914062,-4.6161578125,-2.9970984375,-9.737828125,-8.94187421875,-8.76434375,-4.8654671875,-3.9677328125,-7.179215625,-9.52401171875,-6.33737890625,-1.6445140625,-10.2817453125,-4.88357890625,-7.68149921875,-4.84426875,-4.900303125,-12.1965359375,-10.7725984375,-3.3264203125,-8.588546875,-6.086690625,-7.69663515625,-1.629528125,-4.50270390625,2.21150078125,-8.9166765625,-8.728359375,-8.3411390625
98,-11.5170617187,-13.8522054688,-1.2400765625,-4.96473125,-9.0748484375,-8.64002734375,-11.4196382812,-5.58409609375,-5.6591984375,-7.05799375,-13.0076710937,-5.94958984375,0.45301328125,-11.3034015625,-4.31965625,-10.3487898437,-6.66853203125,-9.6882265625,-14.0770890625,-9.2025625,-3.19166796875,-9.786334375,-8.9059453125,-7.33740859375,3.152859375,-6.04981171875,1.08525,-8.758709375,-8.87999140625,-10.546140625
99,-11.2672666667,-13.0790013889,0.515448611111,-5.48193888889,-11.2941902778,-11.9834041667,-13.2842763889,-5.11836944444,-5.35547638889,-6.79809861111,-13.8415319444,-7.46160416667,-1.68128888889,-9.86032083333,-6.3294,-13.2331986111,-10.3454236111,-10.31055,-16.2526138889,-10.1920597222,-5.53468472222,-9.4632125,-8.6517625,-7.48611111111,3.71486388889,-3.29429861111,-2.36691805556,-9.57890555556,-6.18034166667,-13.1172888889
100,-15.7757368421,-13.6684438596,6.81700175439,-7.50257368421,-8.71733157895,-4.81243859649,-9.82358245614,-5.15700175439,-4.42654385965,-5.77948421053,-10.8058280702,-7.44723508772,3.04420877193,-8.66259473684,0.708510526316,-11.085677193,-5.52303859649,-10.0317578947,-12.0290824561,-9.73016315789,-2.46809298246,-9.1078245614,-7.76085614035,-6.45429122807,-0.334277192982,-9.50586666667,4.14083157895,-10.3416807018,-12.6589824561,-7.65413859649
101,-9.97944140625,-13.3155304687,-4.2882546875,-2.0727421875,-10.4728109375,-8.28123671875,-8.80474140625,-4.850853125,-4.2684171875,-6.831990625,-9.31708828125,-5.8781296875,-2.65473828125,-10.35998125,-4.9776953125,-7.12766328125,-4.70800390625,-4.093803125,-11.9399546875,-11.2101007813,-4.33470859375,-8.0146140625,-6.7068109375,-8.29705703125,-1.23376328125,-4.22363046875,2.3062765625,-9.64445625,-8.20483359375,-9.13671875
102,-11.6901414062,-14.1235617187,-0.9345171875,-4.837590625,-9.1761671875,-8.87612890625,-11.7422523437,-5.75223828125,-5.752990625,-7.089196875,-12.8608382812,-5.98861953125,0.35749765625,-11.653315625,-4.3008,-9.89373671875,-6.84715546875,-9.508703125,-14.1669390625,-9.25045,-3.14646328125,-9.63666875,-9.01131875,-7.15880078125,3.1905671875,-6.36010078125,1.170615625,-8.8458890625,-8.89736015625,-10.5402
103,-9.734453125,-13.3961898437,-4.42466484375,-2.826053125,-10.391009375,-9.09926328125,-9.1215984375,-4.86026484375,-4.26030078125,-6.76919453125,-9.43182109375,-5.94682421875,-2.59074609375,-9.85688046875,-5.13676015625,-6.74678828125,-5.05782109375,-3.83763515625,-11.563325,-11.2020304688,-4.4088828125,-8.162103125,-6.70742890625,-8.46561171875,-1.225021875,-3.43108515625,2.34417109375,-9.4190546875,-7.84821640625,-8.9996171875
104,-11.5347148437,-13.6751898437,-1.0736703125,-4.8430578125,-9.0019375,-8.64584140625,-11.6605945312,-5.63494765625,-5.70451875,-7.0075734375,-12.7694476562,-5.97493359375,0.49405859375,-11.48873125,-4.313096875,-10.3631507813,-6.85326484375,-9.68904375,-14.303565625,-9.2288265625,-3.18481171875,-9.7684875,-9.0921734375,-7.34991171875,3.1946765625,-5.91168359375,1.1738171875,-8.6375765625,-8.94606953125,-10.6911140625
105,-12.8756648438,-12.8658132813,-0.58588828125,-6.89422734375,-9.6377859375,-8.869571875,-9.7089921875,-2.5618515625,-1.36670234375,-5.2199765625,-10.617190625,-7.93639765625,4.14103515625,-11.5367046875,-7.13159140625,-12.3452109375,-8.71998671875,-11.2827492187,-16.2049570313,-9.9781953125,-1.9820515625,-12.1237703125,-4.6418578125,-4.94499609375,0.99425234375,-7.2659953125,2.13597890625,-7.9453109375,-9.2405796875,-11.5231335937
106,-10.0594992187,-12.8784898437,-4.7520015625,-3.05050546875,-10.3265976563,-8.75420234375,-8.89745,-4.5253125,-3.70648984375,-6.556246875,-9.58446015625,-5.93455546875,-2.04946640625,-9.7679625,-5.12737734375,-7.2414953125,-4.61084296875,-4.49308515625,-11.831584375,-11.2914382813,-3.9874375,-8.4388484375,-6.238103125,-8.1923328125,-1.87998359375,-3.78686953125,2.182234375,-9.14275546875,-8.2608765625,-8.68817890625
107,-11.4735726562,-14.1739304687,-0.969234375,-4.81666875,-8.9541890625,-8.97184765625,-11.6144679687,-5.68858203125,-5.6722140625,-6.882609375,-12.8515320312,-6.06661953125,0.38839140625,-11.5960875,-4.3670296875,-9.85705078125,-6.82911171875,-9.5091171875,-14.1385359375,-9.224378125,-3.10790078125,-10.1504609375,-8.94758125,-7.24557109375,3.1487,-6.12250390625,1.116103125,-8.8422890625,-8.85847265625,-10.4876390625
108,-9.4193875,-12.882425,-4.6292375,-3.428171875,-12.3504453125,-7.82248203125,-11.3931632812,-4.06536171875,-3.2148796875,-6.16543671875,-10.3197367187,-8.23937265625,-3.1040703125,-8.21542421875,-7.3454921875,-7.177396875,-3.12413359375,-4.71960546875,-13.167528125,-12.4062773438,-2.0203109375,-6.942175,-7.3192640625,-7.7429125,-1.3241671875,-4.4131828125,0.63257734375,-9.5660359375,-7.57464453125,-8.90500078125
109,-8.16698984375,-15.2271625,-3.38381328125,-5.912496875,-11.6099023438,-9.6185234375,-13.3348953125,-6.9991796875,-4.94335546875,-4.373896875,-14.14246875,-8.27745390625,-3.4242859375,-7.39102265625,-3.6772703125,-8.48721875,-6.52470546875,-9.4442390625,-9.68422890625,-8.4196234375,-6.4663109375,-8.9332453125,-9.2887796875,-8.63599609375,2.8882828125,-1.66628671875,-6.471709375,-11.188028125,-3.024503125,-9.5424234375
110,-7.713375,-11.2351367188,-2.9598265625,-3.90508828125,-11.4195804688,-9.15775390625,-9.028215625,-6.2295484375,-2.41232734375,-6.47170546875,-9.08479609375,-10.3657421875,-5.63983125,-4.40347578125,-4.73752890625,-6.42885625,-2.1530078125,-2.24620390625,-10.1792148437,-10.5290695313,-3.70074375,-9.8521046875,-5.42074609375,-4.628015625,-5.387678125,-4.62863828125,-0.59530546875,-8.46784609375,-10.8051328125,-7.17351484375
111,-12.0320742187,-14.3639382812,0.19664921875,-4.437609375,-9.47716015625,-9.1893703125,-12.5865921875,-5.9476796875,-5.42113125,-7.63771015625,-12.6178695312,-7.17691015625,0.3267859375,-10.2115882812,-3.6575796875,-10.9174546875,-7.53356171875,-9.82916328125,-14.5502429688,-9.0717203125,-3.55183984375,-9.965159375,-7.47658359375,-7.37699921875,2.1373203125,-5.55642421875,0.212334375,-10.0350429688,-9.261934375,-11.90201875
112,-9.68944117647,-12.9088541176,-4.25254705882,-5.70767176471,-9.88335764706,-10.5241470588,-11.5506411765,-6.29767176471,-4.20880117647,-8.76398,-10.7610988235,-7.06644235294,-3.59526588235,-7.98382588235,-5.06730352941,-8.57248941176,-6.28642,-7.35712705882,-11.7240129412,-11.6735717647,-3.14848941176,-6.53942705882,-6.22792,-8.66515411765,-2.48416352941,-3.54164705882,0.19918,-8.96404705882,-8.17208941176,-7.80772235294
113,-8.79709609375,-13.84385,-4.94254765625,-5.97416484375,-12.6238382813,-9.28813515625,-10.908840625,-7.74368828125,-6.7126515625,-6.45970390625,-13.8240203125,-4.88458984375,-4.7320875,-10.5614070312,-7.72884453125,-10.5074742188,-6.11068984375,-8.1840078125,-12.16979375,-9.06214765625,-6.53033515625,-7.2579265625,-8.11174609375,-6.66368203125,4.5909109375,-3.08299453125,-3.66488359375,-10.502059375,-3.30826328125,-12.335684375
114,-15.7757368421,-13.6684438596,6.81700175439,-7.50257368421,-8.71733157895,-4.81243859649,-9.82358245614,-5.15700175439,-4.42654385965,-5.77948421053,-10.8058280702,-7.44723508772,3.04420877193,-8.66259473684,0.708510526316,-11.085677193,-5.52303859649,-10.0317578947,-12.0290824561,-9.73016315789,-2.46809298246,-9.1078245614,-7.76085614035,-6.45429122807,-0.334277192982,-9.50586666667,4.14083157895,-10.3416807018,-12.6589824561,-7.65413859649
115,-10.882334375,-12.7293484375,-3.8388921875,-3.050134375,-10.2167195313,-8.8559890625,-7.6245984375,-3.55965234375,-2.1659421875,-7.30254296875,-9.97906484375,-8.12796015625,0.97171875,-8.97243984375,-4.81664921875,-7.75657734375,-5.3400796875,-5.108796875,-12.654703125,-11.2999140625,-2.96292109375,-9.39763046875,-3.7897796875,-6.1319484375,-4.80542421875,-4.38452109375,2.43672265625,-10.50048125,-11.0386351563,-8.8596453125
116,-9.99920390625,-13.1454640625,-4.79629765625,-7.28282265625,-11.6434757813,-8.792753125,-9.94804375,-4.64195859375,-2.720328125,-6.5378421875,-11.2540914063,-7.73065234375,0.8325546875,-12.933225,-7.4598875,-11.1994203125,-9.148346875,-10.6243929687,-13.661240625,-11.727003125,-5.86344140625,-7.683403125,-5.626025,-7.461434375,2.60513046875,-4.10110390625,-0.9817671875,-8.53120078125,-3.88560078125,-12.1021070312
117,-10.9884831325,-11.5594879518,-1.38646024096,-5.87372048193,-9.88755301205,-8.97557349398,-9.21978554217,-4.64397831325,-2.05458192771,-5.97307349398,-9.59162771084,-6.96665662651,-1.28721445783,-8.41090722892,-3.10804216867,-6.82148192771,-4.46975060241,-7.04848674699,-12.0173879518,-12.2282373494,-4.56354819277,-8.37967951807,-4.65565903614,-8.31920722892,-2.71569518072,-4.34673614458,5.47007951807,-9.26396987952,-10.984760241,-6.92479759036
118,-10.687125,-13.5948125,-3.080115625,-10.3169148438,-9.95678359375,-9.37594296875,-9.08174140625,-4.579846875,-3.40139453125,-5.464378125,-13.0441992187,-8.94900859375,2.830275,-14.017775,-5.76835546875,-10.9287554687,-8.56883203125,-10.0050984375,-12.4474609375,-9.2776828125,-6.9694921875,-8.41308671875,-7.05779375,-4.97270078125,-0.83911640625,-4.7767359375,2.30012578125,-7.31992109375,-6.71977578125,-11.4854070313
119,-13.216962963,-13.9211037037,1.14952962963,-5.21764074074,-9.38468518519,-9.90647037037,-15.2946444444,-6.20894444444,-6.87375925926,-6.82196666667,-10.6278851852,-5.00526666667,-0.0643333333333,-9.58385925926,-2.8716037037,-13.0588333333,-7.99770740741,-15.5726518519,-14.4630074074,-11.0368592593,-1.06074444444,-11.5675592593,-7.79591111111,-11.5095,3.05674814815,-6.30661481481,-2.18448148148,-8.92625185185,-8.73236296296,-12.7726925926
120,-12.3872671875,-13.8603109375,-2.20900703125,-7.93463828125,-9.3211140625,-10.2250210937,-9.9378515625,-3.9388015625,-2.6715140625,-5.32245546875,-10.8248734375,-8.1594015625,3.1762921875,-12.1137304687,-8.510578125,-13.6140117188,-9.25490859375,-13.132625,-16.8472265625,-9.41030546875,-2.08167734375,-10.4239210937,-5.61290625,-4.6400609375,2.48532734375,-4.411784375,1.30705859375,-8.06440546875,-7.33940234375,-12.5589914062
121,-13.216962963,-13.9211037037,1.14952962963,-5.21764074074,-9.38468518519,-9.90647037037,-15.2946444444,-6.20894444444,-6.87375925926,-6.82196666667,-10.6278851852,-5.00526666667,-0.0643333333333,-9.58385925926,-2.8716037037,-13.0588333333,-7.99770740741,-15.5726518519,-14.4630074074,-11.0368592593,-1.06074444444,-11.5675592593,-7.79591111111,-11.5095,3.05674814815,-6.30661481481,-2.18448148148,-8.92625185185,-8.73236296296,-12.7726925926
122,-12.3684,-13.643859375,-1.89058515625,-7.5142296875,-9.58159765625,-9.92943984375,-10.2659640625,-4.03023671875,-2.65818828125,-5.2633328125,-10.8542695312,-7.90661484375,3.1119453125,-11.9125015625,-8.18224765625,-13.1892976563,-9.0598921875,-12.8651242188,-16.8476507813,-9.72135390625,-1.77576328125,-10.1704882812,-5.8067109375,-4.4352578125,2.36001796875,-4.5175,1.47186796875,-7.96840703125,-7.7839125,-12.7795453125
123,-11.4987909091,-15.8130090909,-5.25466363636,-4.66965909091,-5.92475,-10.0415909091,-9.70489090909,-5.86333636364,0.107668181818,-8.17591818182,-11.8235818182,-4.30813636364,4.18482727273,-10.5903863636,-3.12755,-12.3048045455,-9.34770454545,-10.1446363636,-13.4392545455,-12.7136272727,-4.88033636364,-9.02517272727,-7.08102272727,-7.17577272727,-0.748109090909,-5.39685454545,-4.93345909091,-11.9941181818,-8.78216363636,-6.33593636364
124,-15.7757368421,-13.6684438596,6.81700175439,-7.50257368421,-8.71733157895,-4.81243859649,-9.82358245614,-5.15700175439,-4.42654385965,-5.77948421053,-10.8058280702,-7.44723508772,3.04420877193,-8.66259473684,0.708510526316,-11.085677193,-5.52303859649,-10.0317578947,-12.0290824561,-9.73016315789,-2.46809298246,-9.1078245614,-7.76085614035,-6.45429122807,-0.334277192982,-9.50586666667,4.14083157895,-10.3416807018,-12.6589824561,-7.65413859649
125,-12.1325320313,-14.2931679687,-2.737665625,-7.8970421875,-9.31147109375,-9.8668125,-9.552646875,-4.0041171875,-2.63465,-5.6102703125,-11.3054992187,-8.126025,2.833071875,-11.8049859375,-8.589996875,-13.18434375,-8.85840859375,-12.9730523438,-16.0865304688,-9.42483359375,-2.11800546875,-10.0748835937,-5.37234296875,-4.61338984375,2.5398921875,-4.70293984375,1.04168984375,-8.21573359375,-6.98226953125,-12.3710515625
126,-9.69539516129,-11.1668145161,-2.11763709677,-4.06935483871,-10.9811903226,-9.06078870968,-9.36706612903,-7.20997096774,-3.84103870968,-5.27293225806,-12.117233871,-9.11758548387,-4.33047903226,-7.22016612903,-5.48863225806,-7.79587903226,-4.25477258065,-4.19972419355,-11.5763693548,-10.2886225806,-4.40319677419,-9.00061129032,-7.09335,-5.06659193548,-2.21193387097,-2.26538387097,1.0684483871,-10.8395354839,-9.42252419355,-8.33565
127,-10.363553125,-12.78930625,-3.29352890625,-7.92688046875,-11.5069742187,-10.4403875,-9.8556390625,-3.9836203125,-1.06502890625,-6.554371875,-11.673896875,-8.75340859375,0.33591484375,-11.2798765625,-7.6830375,-10.1224,-9.033875,-10.26550625,-13.0156148437,-10.4044578125,-8.0353640625,-7.822790625,-6.7730578125,-6.32182578125,0.99223046875,-3.887909375,-0.400015625,-7.69013359375,-3.36381640625,-11.2174390625
128,-15.7757368421,-13.6684438596,6.81700175439,-7.50257368421,-8.71733157895,-4.81243859649,-9.82358245614,-5.15700175439,-4.42654385965,-5.77948421053,-10.8058280702,-7.44723508772,3.04420877193,-8.66259473684,0.708510526316,-11.085677193,-5.52303859649,-10.0317578947,-12.0290824561,-9.73016315789,-2.46809298246,-9.1078245614,-7.76085614035,-6.45429122807,-0.334277192982,-9.50586666667,4.14083157895,-10.3416807018,-12.6589824561,-7.65413859649
129,-9.04574921875,-13.9121429688,-4.10193828125,-5.0918046875,-11.9656210938,-9.89680234375,-11.5081070313,-5.62420234375,-4.68708828125,-7.5188953125,-10.3314257812,-7.2084359375,-3.5926328125,-11.3704898437,-6.45874296875,-8.86786953125,-6.74944921875,-6.786546875,-13.580903125,-12.1259390625,-5.13740390625,-7.49201328125,-7.1999984375,-8.93768828125,0.62373125,-3.46757578125,0.88887421875,-9.88934375,-6.3787390625,-10.4353210937
130,-9.543403125,-12.58521875,-4.2413328125,-6.8443203125,-11.928871875,-8.11662890625,-9.71945859375,-3.30090625,-1.48148984375,-6.78325,-11.5603601562,-8.98056796875,0.28082109375,-12.6474960938,-6.61317109375,-8.75169921875,-7.63808515625,-10.1323742187,-13.3501953125,-11.391590625,-8.07897109375,-6.5985703125,-6.31196796875,-6.595796875,0.59942421875,-3.30457421875,0.50197421875,-8.319775,-4.02328046875,-12.697590625
131,-15.7757368421,-13.6684438596,6.81700175439,-7.50257368421,-8.71733157895,-4.81243859649,-9.82358245614,-5.15700175439,-4.42654385965,-5.77948421053,-10.8058280702,-7.44723508772,3.04420877193,-8.66259473684,0.708510526316,-11.085677193,-5.52303859649,-10.0317578947,-12.0290824561,-9.73016315789,-2.46809298246,-9.1078245614,-7.76085614035,-6.45429122807,-0.334277192982,-9.50586666667,4.14083157895,-10.3416807018,-12.6589824561,-7.65413859649
132,-10.7621017857,-13.7666526786,-0.223327678571,-4.0050875,-11.0534214286,-7.98269107143,-10.646175,-6.4759,-4.97398839286,-6.46818125,-9.88836785714,-8.82834732143,-1.89068035714,-7.42586696429,-1.82307142857,-7.86066428571,-3.88065,-6.61247589286,-12.3058026786,-10.6147401786,-1.18772946429,-7.40835625,-5.88591071429,-7.18576517857,-1.63081875,-5.79663125,-0.118045535714,-9.81422857143,-9.57196875,-7.39943125
133,-10.1448203125,-14.2054078125,0.4313484375,-4.649659375,-11.0914320313,-7.308996875,-11.5389757812,-8.34942265625,-7.7536921875,-7.39353203125,-12.614521875,-7.37882421875,-3.14686953125,-8.457528125,-3.89982109375,-7.933221875,-4.5652796875,-7.06570390625,-12.2390703125,-10.2593125,-4.824425,-6.71019765625,-6.9937625,-5.207878125,2.23756640625,-6.8486984375,-3.5678859375,-10.7232929688,-7.24731484375,-9.252034375
134,-8.6131796875,-11.8253710937,-6.6128578125,-5.2297921875,-11.1266585937,-10.4986796875,-9.54285390625,-5.59648671875,-4.2847203125,-7.4891828125,-10.5551664062,-7.02865234375,-2.68850390625,-10.7555578125,-8.16138359375,-10.2450320313,-7.23372421875,-8.18959765625,-13.6260117187,-10.5775773438,-5.06249140625,-7.88723359375,-7.59966015625,-7.9080546875,0.18648203125,-0.839684375,-0.31528203125,-8.80603125,-5.7377453125,-9.894228125
135,-9.625440625,-13.6938179688,-8.814415625,-8.24534140625,-9.87372734375,-10.1067703125,-10.11256875,-5.23686015625,-2.2257921875,-6.20812890625,-13.5617367187,-10.1232742188,-2.3286375,-10.1069851562,-6.59711796875,-8.83076015625,-7.753225,-8.81364609375,-10.8563695312,-9.648634375,-6.582128125,-7.24011796875,-5.647825,-7.94678125,-1.83991484375,-1.79340546875,-3.18867265625,-9.62059375,-3.79796015625,-8.59365390625
136,-11.9396234375,-13.640096875,-0.18263828125,-4.8494578125,-10.2516953125,-9.314615625,-9.72010234375,-3.02806796875,-1.63075,-4.934134375,-10.9206601563,-7.13836484375,2.4225078125,-10.1405921875,-8.3297359375,-11.1624007812,-8.29859296875,-9.2413703125,-16.4402460938,-11.4929304688,-4.23580546875,-9.78977578125,-5.98286328125,-5.71696953125,0.82663984375,-6.2522625,2.4971,-8.98231875,-9.19979140625,-12.8336710937
137,-15.7757368421,-13.6684438596,6.81700175439,-7.50257368421,-8.71733157895,-4.81243859649,-9.82358245614,-5.15700175439,-4.42654385965,-5.77948421053,-10.8058280702,-7.44723508772,3.04420877193,-8.66259473684,0.708510526316,-11.085677193,-5.52303859649,-10.0317578947,-12.0290824561,-9.73016315789,-2.46809298246,-9.1078245614,-7.76085614035,-6.45429122807,-0.334277192982,-9.50586666667,4.14083157895,-10.3416807018,-12.6589824561,-7.65413859649
138,-13.0914692308,-13.1091282051,1.13078717949,-11.3773564103,-10.1152,-8.25026666667,-10.2974205128,-7.10253846154,-6.20154358974,-7.89695384615,-10.8379205128,-4.11495897436,2.19515641026,-9.54995384615,-0.676674358974,-9.35505384615,-6.93166666667,-10.5957871795,-9.06598205128,-8.56035641026,-5.22915128205,-12.0215820513,-5.80795128205,-10.1202717949,-1.56310512821,-4.45689487179,3.67624615385,-7.85920512821,-11.9311948718,-10.0652102564
139,-15.7757368421,-13.6684438596,6.81700175439,-7.50257368421,-8.71733157895,-4.81243859649,-9.82358245614,-5.15700175439,-4.42654385965,-5.77948421053,-10.8058280702,-7.44723508772,3.04420877193,-8.66259473684,0.708510526316,-11.085677193,-5.52303859649,-10.0317578947,-12.0290824561,-9.73016315789,-2.46809298246,-9.1078245614,-7.76085614035,-6.45429122807,-0.334277192982,-9.50586666667,4.14083157895,-10.3416807018,-12.6589824561,-7.65413859649
140,-15.7757368421,-13.6684438596,6.81700175439,-7.50257368421,-8.71733157895,-4.81243859649,-9.82358245614,-5.15700175439,-4.42654385965,-5.77948421053,-10.8058280702,-7.44723508772,3.04420877193,-8.66259473684,0.708510526316,-11.085677193,-5.52303859649,-10.0317578947,-12.0290824561,-9.73016315789,-2.46809298246,-9.1078245614,-7.76085614035,-6.45429122807,-0.334277192982,-9.50586666667,4.14083157895,-10.3416807018,-12.6589824561,-7.65413859649
141,-9.67679402985,-14.7195462687,-5.04074626866,-6.44491343284,-7.71547164179,-10.094280597,-8.47535223881,-5.66517014925,-4.09118208955,-4.86934776119,-9.50377164179,-6.57407462687,-3.75097313433,-9.0616641791,-5.73382985075,-7.70004179104,-5.07329253731,-7.19844029851,-10.7048089552,-10.2205597015,-3.06529104478,-8.80955820896,-4.12941940299,-4.71274626866,-3.7765119403,-2.75005671642,1.14108208955,-9.20295671642,-10.588480597,-7.48973134328
142,-13.6674234375,-15.3748820312,2.68554375,-3.6999859375,-8.9300984375,-8.28614140625,-11.4708554687,-3.9476859375,-2.57222109375,-6.415215625,-10.922434375,-7.8610765625,5.64456953125,-10.1869085937,-3.82619765625,-12.5818023438,-8.4231609375,-9.198615625,-16.344553125,-11.28749375,-1.49192890625,-10.431125,-6.694125,-5.9618640625,-0.21572734375,-10.8835789063,1.0286171875,-10.5019726562,-12.8378039063,-12.2938992187
143,-7.95635178571,-12.6585,-6.35967678571,-5.90191964286,-9.36925,-11.4276410714,-8.86224642857,-6.59893571429,-3.20757142857,-6.49847321429,-11.6240410714,-6.36360714286,-3.87134285714,-8.27433392857,-7.80694285714,-8.64957678571,-7.94992857143,-6.38937321429,-11.4398839286,-10.3603857143,-4.65602142857,-7.15577857143,-8.5871875,-7.70910178571,-0.523283928571,-0.978619642857,0.487230357143,-10.0220303571,-6.56528214286,-8.49758035714
144,-9.0286015625,-13.7690507812,-4.861709375,-6.31134375,-12.6396273438,-8.98662890625,-9.30625625,-5.063809375,-2.41643828125,-6.91595390625,-11.0651492187,-9.2359859375,-1.62407265625,-12.2741,-10.510478125,-10.8334890625,-8.6173578125,-8.598375,-13.6041695312,-9.7925515625,-7.82078046875,-7.04470625,-6.62116640625,-6.07423828125,3.39395625,-3.2671453125,-2.281746875,-9.5522703125,-2.2971234375,-11.9247226563
145,-10.3141539062,-12.835071875,-4.6681609375,-3.4865609375,-10.2050757813,-8.35793046875,-9.07548671875,-4.9304484375,-4.15127734375,-6.865925,-9.56321484375,-5.67965078125,-2.55172265625,-9.8133421875,-4.90108828125,-7.48612421875,-4.6144796875,-4.7186984375,-12.04148125,-11.4226679688,-3.581390625,-9.027634375,-6.483521875,-8.37062734375,-1.3867578125,-3.89183359375,2.24173671875,-9.0686640625,-8.18808046875,-8.672184375
146,-11.4803710937,-13.9820539062,-0.9494265625,-4.831484375,-8.9696296875,-8.83743828125,-11.7847382812,-5.71292890625,-5.6784375,-7.03985625,-12.8232570312,-5.98597265625,0.45735078125,-11.4998875,-4.2766265625,-9.93701328125,-6.82640078125,-9.481403125,-14.0936328125,-9.241875,-3.17969765625,-9.8133203125,-9.0833046875,-7.22366953125,3.19443125,-6.14638359375,1.154196875,-8.70843125,-8.94740234375,-10.484965625
147,-8.22319453125,-11.821778125,-2.78380546875,-2.62027421875,-11.5387015625,-9.0879515625,-9.16525,-5.982103125,-2.50290703125,-7.2519296875,-8.60204375,-8.36047109375,-3.4462765625,-5.857065625,-3.173146875,-7.07868828125,-2.76767890625,-3.19362734375,-11.266003125,-11.4745382813,-4.36199921875,-9.25985703125,-4.65210859375,-5.5593875,-4.6292234375,-5.9368375,-0.75258984375,-9.0887265625,-11.3825132812,-7.92463359375
148,-13.75978125,-15.0598375,2.779871875,-3.7399734375,-8.91338984375,-8.29267109375,-11.5189492187,-3.59622890625,-2.430015625,-6.2297078125,-10.8245992187,-7.9104234375,5.96958203125,-10.2887335937,-3.6347609375,-12.504715625,-8.34456640625,-9.2247265625,-16.288034375,-11.3264695313,-1.50945234375,-10.0133132813,-6.8878125,-5.9769125,-0.31260546875,-11.2047445313,1.359775,-10.121159375,-12.9427648438,-12.2829679688
149,-12.9150796875,-12.7035203125,-0.5619,-6.89709453125,-9.705875,-8.8519046875,-9.7596125,-2.4780671875,-1.36789609375,-5.23695703125,-10.6312578125,-7.90049609375,4.19855234375,-11.572703125,-7.0978484375,-12.353809375,-8.71828828125,-11.2887109375,-16.1926210938,-9.99430703125,-1.98839453125,-11.891840625,-4.71338125,-4.94571875,1.0001265625,-7.34551796875,2.174009375,-7.90070390625,-9.27484296875,-11.5775523437
150,-7.22843934426,-12.1402803279,-6.90714098361,-7.1551704918,-11.3803508197,-10.275742623,-9.54659180328,-7.52057377049,-4.54123278689,-5.38076885246,-10.3196918033,-6.61558688525,-4.10519344262,-8.81339180328,-4.61620819672,-8.80455901639,-6.26280491803,-4.97599344262,-7.67275409836,-9.59684754098,-6.36421803279,-6.63929180328,-8.07304918033,-7.25321311475,-2.53349180328,0.321791803279,-1.46497540984,-7.43860983607,-5.61374754098,-8.25049180328
151,-10.0634210937,-13.178778125,-4.2821796875,-4.8655,-11.82823125,-8.69809921875,-9.1261953125,-3.09375546875,-1.39947578125,-6.78972265625,-11.6346210937,-9.9440046875,1.7211875,-11.9453289063,-9.99295703125,-11.191421875,-8.569921875,-9.14984453125,-13.96880625,-10.7089773438,-5.95580234375,-8.27400390625,-5.50357734375,-4.7784578125,1.00901484375,-4.781178125,-2.1378171875,-9.2301484375,-4.88011171875,-13.1152171875
152,-9.80751640625,-13.5498632812,-5.08143984375,-2.99745546875,-11.4412617188,-9.72285625,-9.70343984375,-5.52235546875,-4.230909375,-7.3052578125,-11.022365625,-6.37659609375,-3.6553515625,-9.2512359375,-8.75201796875,-7.88269609375,-6.3153375,-5.96839140625,-13.06863125,-11.4027257813,-4.27250234375,-8.4002953125,-6.83814140625,-8.68958671875,0.09735703125,-1.7131765625,1.11871796875,-10.9207820312,-6.47275703125,-11.534296875
153,-10.3968742187,-13.1538578125,-3.586490625,-4.9410109375,-11.6101429687,-9.0936109375,-9.88600546875,-4.13173984375,-1.4003046875,-6.8430765625,-11.6757789062,-8.123309375,0.1149328125,-11.4728140625,-9.109259375,-10.73041875,-8.9538890625,-9.4026953125,-14.1160710937,-10.414559375,-6.37770625,-8.0961625,-6.851290625,-5.75686484375,2.17666796875,-4.43522890625,-0.8654265625,-9.374828125,-4.60542734375,-12.8352328125
154,0.1444,-20.5463833333,-7.82575,-5.56988333333,-9.7827,-7.56548333333,-6.13073333333,-8.89338333333,-9.26185,2.2515,0.498466666667,-9.64651666667,-11.7316,-1.3672,-4.99375,7.95795,10.7509166667,8.88538333333,9.06543333333,-7.52028333333,-12.8576,-4.3541,-5.84265,-5.31566666667,-10.6595166667,0.697416666667,-7.36885,-1.54985,-8.81726666667,7.14208333333
155,-13.0098094595,-13.5159121622,1.19808648649,-3.27047162162,-9.18637432432,-8.25908918919,-7.81567027027,-3.18020945946,-3.48033783784,-4.02007027027,-10.3935513514,-9.38856486486,-1.92133108108,-9.46968918919,-7.00921351351,-9.86453783784,-7.81016621622,-11.2113783784,-16.3020256757,-11.4757337838,0.979643243243,-10.2827810811,-7.83921756757,-5.15106486486,0.88652972973,-6.75105135135,1.77951081081,-8.77667837838,-6.63919324324,-11.5071040541
156,-12.3872671875,-13.8603109375,-2.20900703125,-7.93463828125,-9.3211140625,-10.2250210937,-9.9378515625,-3.9388015625,-2.6715140625,-5.32245546875,-10.8248734375,-8.1594015625,3.1762921875,-12.1137304687,-8.510578125,-13.6140117188,-9.25490859375,-13.132625,-16.8472265625,-9.41030546875,-2.08167734375,-10.4239210937,-5.61290625,-4.6400609375,2.48532734375,-4.411784375,1.30705859375,-8.06440546875,-7.33940234375,-12.5589914062
157,-9.46817835052,-12.5912958763,-4.98938556701,-8.17415773196,-8.90912268041,-11.0967958763,-9.02690103093,-4.19572061856,-4.09232886598,-7.06075876289,-9.49196804124,-6.92620515464,-4.64311340206,-9.83051237113,-5.33269793814,-7.56214639175,-5.74415773196,-8.18105257732,-10.3804690722,-10.669457732,-5.85417113402,-7.72950721649,-6.55685670103,-8.54817113402,-2.3321556701,-1.26069278351,3.14195670103,-8.10548350515,-7.18893917526,-7.04908556701
158,-10.4880234375,-12.6424203125,-1.66755546875,-7.31941484375,-10.5927820313,-8.57073515625,-9.258990625,-3.2672625,-2.24607421875,-4.56871875,-11.5197804687,-8.2325578125,3.08548671875,-11.077084375,-4.58021484375,-9.431540625,-8.14852109375,-9.1787671875,-11.9243023437,-10.7381953125,-6.46216328125,-9.5447046875,-7.1987328125,-7.68490390625,-1.29046640625,-4.01439765625,1.358653125,-6.44881953125,-6.7567046875,-11.0115023438
159,-8.48571616162,-12.8077020202,-4.42524949495,-3.98338383838,-11.4190020202,-8.54813636364,-10.1929323232,-6.59096666667,-4.01216565657,-6.42333232323,-9.97683939394,-6.81962929293,-1.45827070707,-8.89543131313,-5.64639494949,-7.43872222222,-4.47832626263,-4.86118888889,-11.4976414141,-11.2199171717,-3.00855050505,-7.49863434343,-8.60475353535,-7.64963030303,-1.88313030303,-3.29575555556,-0.751668686869,-9.02170909091,-8.34423131313,-7.96564141414
160,-12.0904992188,-16.1698359375,-4.18524765625,-6.4584515625,-8.196425,-7.00665546875,-10.6538117187,-6.70604453125,-6.21325546875,-6.2311234375,-12.9677507813,-8.06388203125,0.34511484375,-12.052234375,-7.75320390625,-13.2217921875,-8.96119453125,-12.50795625,-13.2803648437,-10.0810953125,2.76872421875,-9.8512265625,-9.8477625,-8.90628203125,3.10064453125,-7.8318375,-3.15863984375,-9.21093984375,-6.05792578125,-9.62335625
161,-9.5831046875,-12.6571984375,-3.82481484375,-4.327603125,-10.7983054688,-8.70228671875,-10.5716765625,-4.55568359375,-3.03246328125,-6.9023515625,-10.399740625,-7.6521015625,-3.3093109375,-7.8163765625,-6.71702890625,-6.85464921875,-3.5598,-3.8518796875,-12.1104710938,-11.6232875,-2.2242453125,-7.29753046875,-7.56660625,-8.02093828125,-3.38188203125,-4.5112078125,0.56638125,-8.9941953125,-7.6810796875,-8.58039375
162,-7.9755234375,-11.2042765625,0.27223046875,-6.63403046875,-11.5078773438,-8.64819765625,-8.95423359375,-7.02889765625,-6.67835078125,-6.84999921875,-12.3339351562,-8.5494265625,-3.83286953125,-6.81391796875,-5.15565546875,-6.6709828125,-4.47377265625,-4.81142109375,-9.94256328125,-8.7777609375,-9.4277484375,-7.69928515625,-8.47339140625,-6.2827015625,0.93105703125,-4.36094375,-1.46453359375,-7.592221875,-6.06006953125,-7.02842265625
163,-9.09391694915,-13.8629508475,-5.2414440678,-4.08495932203,-9.21725254237,-10.289140678,-9.83869152542,-6.79960847458,-3.30628813559,-4.90939491525,-10.7665864407,-6.52621864407,-4.74018644068,-7.29946440678,-7.62467966102,-7.85917966102,-4.52588305085,-5.19605084746,-11.2382661017,-10.4518440678,-1.35898305085,-9.40656949153,-6.05127966102,-4.42519491525,-2.45682881356,-2.2314,-0.780061016949,-11.0711559322,-9.56428644068,-7.88499152542
164,-10.3481351562,-12.8351898437,-3.310659375,-7.9303171875,-11.5168664062,-10.3509226562,-9.855890625,-4.059034375,-1.06519453125,-6.58854140625,-11.6852164062,-8.74974609375,0.27144296875,-11.2699984375,-7.660803125,-10.1671859375,-9.03178515625,-10.2593359375,-13.017709375,-10.4063515625,-8.03293125,-7.890915625,-6.78653984375,-6.28566640625,1.0017765625,-3.8013203125,-0.4090546875,-7.6864765625,-3.3594578125,-11.2038851562
165,-12.3872671875,-13.8603109375,-2.20900703125,-7.93463828125,-9.3211140625,-10.2250210937,-9.9378515625,-3.9388015625,-2.6715140625,-5.32245546875,-10.8248734375,-8.1594015625,3.1762921875,-12.1137304687,-8.510578125,-13.6140117188,-9.25490859375,-13.132625,-16.8472265625,-9.41030546875,-2.08167734375,-10.4239210937,-5.61290625,-4.6400609375,2.48532734375,-4.411784375,1.30705859375,-8.06440546875,-7.33940234375,-12.5589914062
166,-10.3819570312,-14.397234375,-3.66172265625,-8.37094453125,-8.9318640625,-11.461965625,-9.2717515625,-4.91298515625,-2.34684765625,-5.29779453125,-9.3698796875,-8.31515234375,-2.4009765625,-8.40057578125,-3.86851015625,-7.30086953125,-5.78263515625,-6.11125,-11.15885625,-10.8679007813,-6.2641234375,-7.92018125,-4.316303125,-6.93239140625,-2.89657109375,-3.6750359375,2.89777578125,-8.27663046875,-7.04861328125,-7.42467578125
167,-8.21275546875,-12.779803125,-3.90459375,-8.1855921875,-9.449546875,-9.5158734375,-9.3429265625,-6.78326328125,-7.7778921875,-7.3742875,-11.84410625,-9.6932046875,-5.3482609375,-9.57854765625,-4.8404359375,-7.294915625,-4.467109375,-7.272340625,-9.54282734375,-9.44078203125,-9.53383046875,-5.33685078125,-7.28492578125,-6.8257734375,1.15523125,-4.925115625,-1.01227109375,-6.43692578125,-3.53531328125,-6.1677140625
168,-12.3872671875,-13.8603109375,-2.20900703125,-7.93463828125,-9.3211140625,-10.2250210937,-9.9378515625,-3.9388015625,-2.6715140625,-5.32245546875,-10.8248734375,-8.1594015625,3.1762921875,-12.1137304687,-8.510578125,-13.6140117188,-9.25490859375,-13.132625,-16.8472265625,-9.41030546875,-2.08167734375,-10.4239210937,-5.61290625,-4.6400609375,2.48532734375,-4.411784375,1.30705859375,-8.06440546875,-7.33940234375,-12.5589914062
169,-9.9428953125,-13.3110242187,-4.8982109375,-2.8020203125,-10.2590867188,-8.82358046875,-8.72098828125,-4.38285078125,-3.529496875,-6.57770234375,-9.63328046875,-5.89417421875,-2.01744921875,-9.64558359375,-5.3719046875,-7.1502421875,-4.84765390625,-4.261440625,-11.7939625,-11.437715625,-3.771484375,-8.2234578125,-6.11960078125,-8.06804375,-2.10139453125,-3.689190625,2.343025,-9.5568171875,-8.53886171875,-9.00755625
170,-11.5768554688,-13.9891679687,-1.2072890625,-4.9544359375,-9.0792296875,-8.72678203125,-11.3731039062,-5.49379296875,-5.71123125,-7.070884375,-13.0302648437,-5.95590390625,0.45387265625,-11.4722078125,-4.3344796875,-10.3531492187,-6.62290546875,-9.7097703125,-14.1118296875,-9.213725,-3.13412890625,-10.0748984375,-8.8860296875,-7.32518984375,3.1509375,-6.09364765625,1.0817921875,-8.7952921875,-8.82892578125,-10.5378171875
171,-10.4603453125,-12.335946875,-2.98414453125,-1.93110234375,-10.81110625,-8.3137984375,-9.125828125,-4.60455,-3.71600859375,-6.16074140625,-9.56149453125,-6.021446875,-1.2740375,-9.08128203125,-4.197625,-6.5201359375,-3.81525390625,-3.55046171875,-12.0562664062,-11.3743890625,-3.4956453125,-8.8738375,-6.58784140625,-8.0739140625,-2.12854453125,-5.0101421875,2.573090625,-8.84908984375,-9.39619765625,-8.80759609375
172,-11.5804539063,-13.9178070313,-0.9600828125,-4.967940625,-8.975728125,-8.91777109375,-11.6221585937,-5.55565859375,-5.6916953125,-6.991871875,-12.8204117187,-5.96980546875,0.60363515625,-11.47239375,-4.2800515625,-10.3695367188,-6.77684453125,-9.6673875,-14.3015953125,-9.2025375,-3.16032421875,-10.2335015625,-8.988765625,-7.30590390625,3.1399453125,-6.00012421875,1.165928125,-8.7119,-9.00243828125,-10.48196875
173,-12.3684,-13.643859375,-1.89058515625,-7.5142296875,-9.58159765625,-9.92943984375,-10.2659640625,-4.03023671875,-2.65818828125,-5.2633328125,-10.8542695312,-7.90661484375,3.1119453125,-11.9125015625,-8.18224765625,-13.1892976563,-9.0598921875,-12.8651242188,-16.8476507813,-9.72135390625,-1.77576328125,-10.1704882812,-5.8067109375,-4.4352578125,2.36001796875,-4.5175,1.47186796875,-7.96840703125,-7.7839125,-12.7795453125
174,-7.63254230769,-10.820025,-6.15260384615,-4.76201346154,-10.2722192308,-9.81153269231,-9.541475,-7.2709,-4.30084615385,-6.67042692308,-10.9277923077,-5.36455192308,-5.96829038462,-10.3244288462,-7.66523846154,-10.0200461538,-7.12128076923,-7.6306,-12.1887384615,-9.62712692308,-5.10500769231,-6.77716730769,-8.56944230769,-6.92035769231,1.34594230769,-0.120690384615,-0.307640384615,-9.99919038462,-5.81700192308,-9.29780961538
175,-8.12618125,-12.14276875,-5.2344578125,-6.94019453125,-10.3500726562,-8.08331484375,-8.203625,-2.90274453125,0.471165625,-5.135878125,-10.1712671875,-8.15167578125,-0.6864796875,-10.9270289063,-9.882325,-10.2858101562,-8.28653984375,-8.429265625,-11.73401875,-9.49843984375,-7.11320703125,-6.42941484375,-5.58951796875,-4.45124921875,0.6130578125,-2.55697265625,-2.12036640625,-9.5714640625,-1.92741875,-11.0851929688
176,-9.7200122449,-12.4004979592,-4.82721836735,-9.59535714286,-11.7744653061,-9.55972040816,-13.9894081633,-5.64082653061,-3.9713877551,-6.12471428571,-12.7724673469,-7.08126530612,-1.99740612245,-10.9717081633,-6.95333469388,-14.5433428571,-10.9002734694,-11.2409897959,-13.6464346939,-10.4477734694,-6.99187346939,-9.11864693878,-9.8844244898,-8.2409244898,3.09296734694,-1.46957959184,-3.62248979592,-7.36851020408,-2.5792877551,-12.1776285714
177,-8.302558,-12.721744,-5.042436,-4.005324,-11.033694,-10.45305,-9.716658,-7.060558,-3.298124,-6.346244,-9.62368,-6.516612,-5.25738,-9.744078,-7.532242,-10.82605,-7.5565,-7.908374,-12.394088,-10.384466,-5.911336,-7.135976,-7.615008,-7.425276,-0.58569,0.154132,-0.049906,-12.081682,-6.47971,-10.35056
178,-8.82600234375,-13.2373257812,-6.1320140625,-6.5806265625,-12.1531429688,-9.6894421875,-8.20223671875,-5.18254609375,-1.01387890625,-6.033140625,-11.1793195312,-9.7879828125,-1.45116484375,-11.2104835938,-11.1221351563,-10.605753125,-7.02903046875,-7.2576796875,-13.5756609375,-10.3222179688,-7.6439953125,-6.63629375,-6.2166546875,-3.975684375,0.45897421875,-1.89777421875,-1.36753203125,-9.31003828125,-3.08144453125,-10.9980335938
179,-12.3872671875,-13.8603109375,-2.20900703125,-7.93463828125,-9.3211140625,-10.2250210937,-9.9378515625,-3.9388015625,-2.6715140625,-5.32245546875,-10.8248734375,-8.1594015625,3.1762921875,-12.1137304687,-8.510578125,-13.6140117188,-9.25490859375,-13.132625,-16.8472265625,-9.41030546875,-2.08167734375,-10.4239210937,-5.61290625,-4.6400609375,2.48532734375,-4.411784375,1.30705859375,-8.06440546875,-7.33940234375,-12.5589914062
180,-8.27861698113,-12.9410207547,-6.88568113208,-3.7201490566,-8.28373207547,-11.041645283,-9.55845283019,-5.57256415094,-3.71283773585,-6.64328113208,-10.7911660377,-7.84082830189,-5.34852075472,-10.9830962264,-8.80423584906,-11.0475415094,-8.7589490566,-7.8344,-13.3441509434,-9.59005471698,-4.44395471698,-9.02896792453,-6.60928301887,-6.65569433962,0.197886792453,-0.471888679245,-0.545930188679,-11.2495169811,-5.72656415094,-12.1078264151
181,-8.12618125,-12.14276875,-5.2344578125,-6.94019453125,-10.3500726562,-8.08331484375,-8.203625,-2.90274453125,0.471165625,-5.135878125,-10.1712671875,-8.15167578125,-0.6864796875,-10.9270289063,-9.882325,-10.2858101562,-8.28653984375,-8.429265625,-11.73401875,-9.49843984375,-7.11320703125,-6.42941484375,-5.58951796875,-4.45124921875,0.6130578125,-2.55697265625,-2.12036640625,-9.5714640625,-1.92741875,-11.0851929688
182,-12.3872671875,-13.8603109375,-2.20900703125,-7.93463828125,-9.3211140625,-10.2250210937,-9.9378515625,-3.9388015625,-2.6715140625,-5.32245546875,-10.8248734375,-8.1594015625,3.1762921875,-12.1137304687,-8.510578125,-13.6140117188,-9.25490859375,-13.132625,-16.8472265625,-9.41030546875,-2.08167734375,-10.4239210937,-5.61290625,-4.6400609375,2.48532734375,-4.411784375,1.30705859375,-8.06440546875,-7.33940234375,-12.5589914062
183,-12.3872671875,-13.8603109375,-2.20900703125,-7.93463828125,-9.3211140625,-10.2250210937,-9.9378515625,-3.9388015625,-2.6715140625,-5.32245546875,-10.8248734375,-8.1594015625,3.1762921875,-12.1137304687,-8.510578125,-13.6140117188,-9.25490859375,-13.132625,-16.8472265625,-9.41030546875,-2.08167734375,-10.4239210937,-5.61290625,-4.6400609375,2.48532734375,-4.411784375,1.30705859375,-8.06440546875,-7.33940234375,-12.5589914062
184,-9.131396875,-13.285225,-6.2986984375,-3.8162671875,-10.22454375,-9.7362828125,-10.132378125,-5.3152765625,-4.0339890625,-6.74356015625,-10.3143773437,-6.276584375,-2.8478515625,-10.7725757812,-7.4489078125,-9.48977734375,-6.8367890625,-7.05588671875,-13.098690625,-11.3772453125,-3.6913140625,-7.516775,-6.973990625,-7.59973671875,-0.967728125,-1.943821875,0.01585390625,-9.33283671875,-6.800803125,-10.5129875
185,-8.22100970874,-15.470915534,-6.35874757282,-8.70635145631,-11.1763281553,-9.68017475728,-13.4191970874,-7.24462427184,-6.14254466019,-6.60315728155,-14.3206203883,-8.93035728155,-2.10133106796,-9.63811456311,-6.66170194175,-11.3698252427,-8.17949417476,-11.8799106796,-10.4338330097,-9.52662038835,-6.22949805825,-8.83331553398,-8.30080485437,-9.54116407767,1.60869223301,-0.21249223301,-7.49977572816,-10.3575446602,-2.67647572816,-9.61640970874
186,-11.5858872881,-12.6037483051,-2.49112711864,-8.18662288136,-8.7594559322,-8.3980720339,-9.67280762712,-6.74317966102,-4.14967627119,-7.37753644068,-11.1511610169,-7.24596440678,-1.1783440678,-9.35139576271,-4.62382711864,-9.1128720339,-5.90787288136,-8.78103389831,-12.5610466102,-10.4710788136,-1.06382966102,-9.95341779661,-5.61902627119,-7.37976186441,-0.688322033898,-4.74281779661,2.80851949153,-8.73674745763,-9.47957118644,-8.54011016949
187,-8.70490546875,-13.07025,-4.7115953125,-5.693375,-12.6578742187,-8.68140859375,-11.141409375,-8.1507484375,-6.59937734375,-6.07124375,-13.5815203125,-4.45808515625,-5.40301875,-10.7098953125,-7.735428125,-10.448309375,-6.146490625,-8.1536234375,-12.8650484375,-9.15485,-6.6127171875,-7.66528046875,-8.52595859375,-6.6935109375,5.21814765625,-2.9202234375,-3.4973484375,-10.207596875,-3.3275328125,-12.3213585937
188,-12.04376875,-10.8713984375,-0.3024890625,-6.501521875,-10.7322398438,-7.85915625,-9.65085546875,-5.5700109375,-4.5605625,-9.1327203125,-9.6417984375,-6.5201,-1.17890234375,-6.71424921875,-3.35084375,-7.37790390625,-3.05602421875,-6.00968359375,-11.804584375,-11.0837945313,-2.59382890625,-8.74333125,-5.6155546875,-7.57837890625,-3.10120390625,-5.34586328125,3.63502578125,-8.9728296875,-11.9643976562,-6.496153125
189,-8.1736234375,-11.6261554688,-1.96763203125,-4.7334484375,-10.9830734375,-8.79538046875,-9.48727265625,-7.7340703125,-8.3095875,-7.60062109375,-12.9896195312,-7.972409375,-5.4058046875,-7.5841234375,-6.1449234375,-7.07745078125,-3.289675,-4.90561640625,-9.4138875,-8.8443625,-10.1178335938,-7.0232953125,-8.20736640625,-8.06400234375,1.3641171875,-3.96582109375,-2.86966484375,-8.33743203125,-4.23704140625,-7.867221875
190,-14.7369583333,-18.6931916667,6.18954166667,-10.701975,-7.31544166667,-5.88459166667,-9.36311666667,-7.03541666667,-5.8679,-4.35140833333,-6.94861666667,-6.10911666667,0.695308333333,-9.664875,-4.97226666667,-10.2265,-4.936925,-5.60958333333,-7.10960833333,-8.76523333333,0.369991666667,-7.93839166667,-7.18585833333,-4.20064166667,-3.861425,-11.7752333333,2.900275,-11.3874416667,-15.9073333333,-4.28596666667
191,-9.16133258427,-13.5751224719,-7.55939101124,-3.09373483146,-8.96928988764,-8.71227865169,-8.82682808989,-6.76818202247,-3.62479101124,-7.76868651685,-11.2995325843,-5.41676404494,-4.05038651685,-10.7657370787,-5.99320224719,-5.81140337079,-5.19037191011,-4.22623820225,-11.4624325843,-11.6602449438,-2.15033258427,-6.16057303371,-6.64988089888,-6.77725505618,-1.88433820225,-2.68405505618,1.8618011236,-11.0943280899,-9.49373820225,-6.4187505618
192,-10.3067398148,-13.0557509259,-3.3795212963,-6.82028888889,-9.05201111111,-8.76608796296,-10.2299592593,-5.07248055556,-2.79962222222,-6.5419712963,-11.5984657407,-7.09523796296,-1.2663287037,-8.25178518519,-2.81811666667,-7.8957,-5.29488240741,-7.99741851852,-9.72421944444,-9.29042685185,-8.05234722222,-7.91583611111,-5.94028796296,-7.15258055556,-0.627760185185,-2.68639259259,-0.725462962963,-10.3003990741,-6.97606481481,-7.6022462963
193,-15.7757368421,-13.6684438596,6.81700175439,-7.50257368421,-8.71733157895,-4.81243859649,-9.82358245614,-5.15700175439,-4.42654385965,-5.77948421053,-10.8058280702,-7.44723508772,3.04420877193,-8.66259473684,0.708510526316,-11.085677193,-5.52303859649,-10.0317578947,-12.0290824561,-9.73016315789,-2.46809298246,-9.1078245614,-7.76085614035,-6.45429122807,-0.334277192982,-9.50586666667,4.14083157895,-10.3416807018,-12.6589824561,-7.65413859649
194,-15.7757368421,-13.6684438596,6.81700175439,-7.50257368421,-8.71733157895,-4.81243859649,-9.82358245614,-5.15700175439,-4.42654385965,-5.77948421053,-10.8058280702,-7.44723508772,3.04420877193,-8.66259473684,0.708510526316,-11.085677193,-5.52303859649,-10.0317578947,-12.0290824561,-9.73016315789,-2.46809298246,-9.1078245614,-7.76085614035,-6.45429122807,-0.334277192982,-9.50586666667,4.14083157895,-10.3416807018,-12.6589824561,-7.65413859649
195,-12.3872671875,-13.8603109375,-2.20900703125,-7.93463828125,-9.3211140625,-10.2250210937,-9.9378515625,-3.9388015625,-2.6715140625,-5.32245546875,-10.8248734375,-8.1594015625,3.1762921875,-12.1137304687,-8.510578125,-13.6140117188,-9.25490859375,-13.132625,-16.8472265625,-9.41030546875,-2.08167734375,-10.4239210937,-5.61290625,-4.6400609375,2.48532734375,-4.411784375,1.30705859375,-8.06440546875,-7.33940234375,-12.5589914062
196,-12.9139126761,-12.4654380282,1.8420028169,-9.46555070423,-9.14127042254,-10.2452746479,-13.7616450704,-5.78797183099,-5.75363661972,-8.19299295775,-11.3618253521,-6.34724929577,3.48325070423,-12.0344478873,-1.0093,-11.7329098592,-8.42983239437,-11.4610971831,-13.2557323944,-9.81901408451,-4.31504366197,-9.98806056338,-8.70425915493,-7.59085070423,-0.433433802817,-8.84184366197,0.221915492958,-5.12296478873,-10.0783098592,-9.08586619718
197,-8.6904640625,-12.90076875,-4.81220078125,-2.08604453125,-10.3316421875,-9.6846453125,-11.5741132812,-6.37327734375,-4.58100859375,-7.23424609375,-10.4678054688,-7.2043640625,-6.136909375,-6.255078125,-7.99311328125,-6.1354296875,-4.17299453125,-5.47876796875,-12.7188976562,-11.7016476563,-3.34695703125,-8.610515625,-5.57045703125,-6.8591875,-1.456846875,-3.05066484375,-0.92843125,-9.9281125,-6.95324765625,-11.0626929688
198,-6.57662421875,-12.0933976562,-3.87860703125,-6.48677578125,-9.3974734375,-7.77607109375,-6.64362109375,-4.58780625,-6.1158890625,-6.99841640625,-7.81226640625,-10.1457492187,-5.21250078125,-7.3893484375,-8.510209375,-7.38720078125,-3.1649765625,-3.8183578125,-11.2931460938,-9.4295640625,-9.02819765625,-5.51969609375,-6.87039296875,-2.85750390625,-0.31592109375,-4.77271171875,-2.86349375,-7.46382421875,-3.53396796875,-5.99737734375
199,-8.70161328125,-13.0784953125,-6.64971953125,-4.050728125,-12.3948789063,-8.86521171875,-9.2686421875,-6.26721953125,-4.2279796875,-7.947484375,-11.6802265625,-5.73918984375,-3.3010265625,-8.69370234375,-8.196953125,-9.588903125,-6.24060625,-6.40406875,-12.464625,-12.3056320313,-4.88549609375,-7.6399265625,-6.85059375,-8.47836640625,0.0862890625,-0.63267421875,-0.8361078125,-10.2955085938,-6.1734203125,-10.3726539062
